0 0.193939 0.031850 0.046212 0.048534
0 0.399337 0.096057 0.036174 0.028817
0 0.196212 0.338726 0.095076 0.147624
0 0.149148 0.535895 0.059280 0.063701
0 0.059564 0.110212 0.025568 0.029828
0 0.141477 0.106800 0.015152 0.031092
0 0.282860 0.723837 0.033523 0.029070
0 0.302462 0.557002 0.034848 0.066481
1 0.586174 0.671259 0.037879 0.050303
1 0.662973 0.615268 0.033144 0.062690
0 0.479356 0.672523 0.034848 0.036148
0 0.518845 0.731294 0.049432 0.064206
0 0.515152 0.403817 0.041288 0.059909
1 0.482102 0.970046 0.080114 0.059909
0 0.477367 0.349469 0.016477 0.039181
0 0.470076 0.411274 0.018939 0.034378
0 0.383712 0.420627 0.024621 0.031850
0 0.410133 0.061552 0.018750 0.036148
0 0.389110 0.703868 0.035795 0.044237
0 0.614015 0.791330 0.034470 0.042720
0 0.782102 0.831522 0.032386 0.027553
0 0.553598 0.386249 0.025758 0.046006
0 0.350379 0.678210 0.037879 0.052073
0 0.664773 0.270981 0.040909 0.073812
0 0.662500 0.365015 0.087879 0.049545
0 0.767424 0.557128 0.070455 0.104146
0 0.482576 0.555612 0.021970 0.070779
