1 0.389773 0.149646 0.066667 0.120324
1 0.740152 0.717391 0.047727 0.115268
1 0.980114 0.552578 0.039773 0.127401
1 0.105303 0.175430 0.085606 0.058645
1 0.301894 0.205763 0.046970 0.076845
1 0.216667 0.050051 0.046212 0.066734
1 0.273864 0.031724 0.045455 0.062942
1 0.089015 0.087462 0.056061 0.068756
1 0.198864 0.189080 0.037879 0.055612
1 0.196970 0.127401 0.043182 0.053589
1 0.144697 0.059656 0.049242 0.116279
1 0.028314 0.198180 0.056250 0.092012
1 0.298485 0.311426 0.032576 0.053589
1 0.476515 0.264914 0.031061 0.047523
0 0.348485 0.746714 0.076515 0.153691
0 0.314773 0.861476 0.057576 0.055612
1 0.123864 0.601112 0.068182 0.084934
0 0.073390 0.666835 0.032008 0.067240
0 0.018182 0.762892 0.035985 0.096057
1 0.809754 0.369565 0.051326 0.060667
0 0.525758 0.746208 0.063258 0.052578
0 0.439678 0.938953 0.030871 0.100354
0 0.860606 0.686047 0.049242 0.054601
0 0.555303 0.480283 0.029545 0.051567
0 0.459470 0.625885 0.031818 0.089990
