1 0.360985 0.224469 0.066667 0.138524
1 0.254545 0.290192 0.068939 0.075834
1 0.136742 0.258342 0.046970 0.054601
1 0.150000 0.183013 0.065909 0.063701
1 0.168182 0.091507 0.059848 0.060667
1 0.239015 0.079373 0.039394 0.103134
1 0.859091 0.531850 0.047727 0.075834
0 0.049527 0.251769 0.097917 0.063701
1 0.237500 0.429221 0.042424 0.070779
1 0.084091 0.037412 0.071970 0.049545
1 0.104167 0.109707 0.039394 0.080890
1 0.182197 0.020222 0.098485 0.029323
1 0.036364 0.146613 0.056818 0.094034
0 0.537121 0.698180 0.050758 0.054601
0 0.257197 0.819515 0.078788 0.070779
0 0.549242 0.971941 0.059848 0.056117
0 0.399242 0.960313 0.049242 0.079373
0 0.457955 0.405966 0.045455 0.080890
1 0.563636 0.031345 0.041667 0.053589
