0 0.149621 0.615268 0.078788 0.111223
0 0.534470 0.617290 0.063636 0.107179
0 0.797727 0.430738 0.050758 0.073812
0 0.444697 0.828109 0.049242 0.075834
0 0.396212 0.956775 0.078030 0.086451
0 0.196970 0.833670 0.061364 0.052578
0 0.177652 0.917088 0.062121 0.057634
0 0.318561 0.913549 0.040909 0.066734
0 0.325000 0.766936 0.050758 0.062690
0 0.472348 0.643074 0.028788 0.087968
0 0.633712 0.927199 0.065152 0.067745
0 0.558333 0.523761 0.034091 0.073812
0 0.182576 0.522750 0.044697 0.059656
0 0.384091 0.520728 0.043182 0.045501
0 0.055303 0.581901 0.078030 0.066734
0 0.092424 0.908999 0.056818 0.071790
0 0.249621 0.693124 0.030303 0.066734
0 0.595833 0.709808 0.054545 0.045501
0 0.849242 0.687563 0.064394 0.059656
