1 0.554167 0.037412 0.043939 0.057634
1 0.341667 0.274520 0.078030 0.165824
1 0.229924 0.349848 0.063636 0.077856
1 0.207576 0.521234 0.050758 0.068756
1 0.106439 0.313448 0.059091 0.069767
1 0.141667 0.125885 0.061364 0.074823
1 0.215530 0.107685 0.050000 0.123357
1 0.207576 0.023761 0.214394 0.036400
1 0.078788 0.113751 0.065909 0.163802
1 0.178409 0.436299 0.030303 0.034378
1 0.031061 0.414055 0.038636 0.080890
1 0.027936 0.314459 0.055492 0.104146
1 0.024905 0.209302 0.049432 0.104146
1 0.802273 0.036906 0.017424 0.050556
0 0.434091 0.481294 0.046212 0.053589
0 0.531439 0.851871 0.036364 0.084934
1 0.877652 0.648129 0.056061 0.092012
0 0.193939 0.969414 0.073485 0.061173
0 0.094318 0.670374 0.040909 0.045501
0 0.139015 0.715875 0.036364 0.057634
0 0.593182 0.901416 0.028030 0.066734
0 0.962121 0.828109 0.041667 0.055612
0 0.099242 0.866026 0.037121 0.058645
0 0.361364 0.946411 0.040152 0.073812
0 0.801136 0.333670 0.043939 0.043478
0 0.832576 0.568756 0.040152 0.040445
0 0.721591 0.572295 0.037879 0.029323
0 0.551515 0.530334 0.044697 0.040445
