1 0.784091 0.159252 0.126515 0.218402
0 0.909470 0.472700 0.034848 0.054601
1 0.786837 0.023129 0.109280 0.045753
0 0.978125 0.447548 0.032008 0.072042
0 0.747064 0.412917 0.029735 0.044742
1 0.891856 0.095046 0.075758 0.143074
1 0.897159 0.223584 0.088636 0.114004
1 0.968087 0.143832 0.063826 0.269464
1 0.890436 0.013397 0.092614 0.020222
0 0.804072 0.979778 0.034659 0.037412
0 0.785701 0.907988 0.041098 0.052578
0 0.325758 0.866026 0.047727 0.066734
0 0.156061 0.902932 0.055303 0.067745
0 0.072348 0.839232 0.043939 0.043478
