0 0.176515 0.157735 0.044697 0.039434
0 0.184470 0.476744 0.077273 0.103134
1 0.580303 0.798787 0.037121 0.045501
1 0.653788 0.742669 0.032576 0.046512
0 0.509091 0.537917 0.046212 0.051567
0 0.277083 0.856673 0.033333 0.026289
0 0.511269 0.868554 0.043750 0.034378
0 0.427083 0.802578 0.018182 0.029323
0 0.478883 0.802452 0.019508 0.027048
0 0.378220 0.549039 0.025758 0.034884
0 0.462689 0.538296 0.019697 0.033620
0 0.545833 0.508595 0.028030 0.038928
0 0.474148 0.473205 0.022538 0.040950
0 0.043466 0.233569 0.029356 0.032356
0 0.118655 0.201719 0.041856 0.025278
0 0.610038 0.478261 0.012500 0.025784
0 0.336364 0.275025 0.049242 0.055612
0 0.391667 0.220425 0.047727 0.053589
0 0.143561 0.676946 0.060606 0.070779
0 0.294318 0.692619 0.037879 0.071790
0 0.700758 0.612993 0.078409 0.053084
0 0.748580 0.683645 0.046780 0.081143
0 0.737311 0.813701 0.017045 0.022245
0 0.656155 0.405586 0.025189 0.036148
0 0.465246 0.404702 0.024053 0.079373
