0 0.299242 0.240647 0.103788 0.059656
0 0.378788 0.324065 0.043182 0.097068
0 0.355682 0.433266 0.109091 0.093023
0 0.198864 0.357432 0.056061 0.080890
0 0.203409 0.442366 0.057576 0.044489
0 0.167045 0.115268 0.056061 0.110212
0 0.625379 0.216380 0.050000 0.086957
0 0.541667 0.111223 0.071970 0.053589
0 0.850379 0.231041 0.077273 0.066734
0 0.563636 0.888777 0.037121 0.059656
0 0.334470 0.660768 0.068182 0.121335
0 0.586364 0.441860 0.061364 0.051567
0 0.917803 0.684024 0.046970 0.056623
0 0.461742 0.305865 0.059091 0.036400
0 0.440152 0.368049 0.037121 0.055612
0 0.757955 0.021739 0.086364 0.038423
0 0.966667 0.378665 0.032576 0.052578
0 0.967045 0.028311 0.053030 0.049545
0 0.577652 0.564838 0.033333 0.046259
0 0.574621 0.646739 0.028409 0.023509
0 0.573674 0.048534 0.030303 0.054095
0 0.115246 0.588347 0.029356 0.056370
