0 0.541288 0.283114 0.065152 0.087968
0 0.571591 0.208291 0.045455 0.053589
0 0.796970 0.131951 0.037121 0.119312
0 0.848106 0.383721 0.095455 0.097068
0 0.604167 0.609707 0.095455 0.069767
0 0.448106 0.506067 0.089394 0.070779
0 0.355682 0.445905 0.063636 0.118301
0 0.154924 0.295248 0.051515 0.122346
0 0.185985 0.213347 0.066667 0.047523
0 0.204545 0.512639 0.064394 0.071790
0 0.364773 0.608696 0.093939 0.136502
0 0.320076 0.820020 0.078788 0.089990
0 0.123485 0.760364 0.087121 0.065723
0 0.272727 0.422144 0.070455 0.080890
0 0.622727 0.366532 0.055303 0.074823
0 0.571591 0.806876 0.046970 0.031345
0 0.334470 0.936299 0.113636 0.116279
0 0.974432 0.180485 0.051136 0.050556
0 0.962500 0.533873 0.034848 0.057634
0 0.757955 0.943377 0.036364 0.098079
0 0.514394 0.971689 0.041667 0.045501
0 0.030303 0.691102 0.043182 0.056623
0 0.191667 0.620829 0.037121 0.069767
0 0.322348 0.222952 0.046970 0.068756
0 0.396212 0.199191 0.038636 0.047523
0 0.274242 0.159252 0.029545 0.058645
0 0.039773 0.325076 0.069697 0.048534
