1 0.792803 0.475228 0.146970 0.201213
1 0.933523 0.055612 0.132955 0.108190
1 0.872727 0.174924 0.058333 0.112235
1 0.518182 0.163296 0.075000 0.107179
0 0.558712 0.053084 0.066667 0.101112
0 0.473864 0.060667 0.050000 0.110212
0 0.795833 0.613246 0.022727 0.036400
0 0.739015 0.737108 0.027273 0.055612
0 0.347727 0.117290 0.020455 0.069767
1 0.723864 0.081901 0.233333 0.158746
1 0.760227 0.263397 0.143939 0.194135
1 0.646591 0.265420 0.069697 0.088979
1 0.933523 0.444894 0.132955 0.427705
1 0.962121 0.190091 0.073485 0.114257
1 0.849242 0.603640 0.029545 0.051567
0 0.238163 0.536021 0.013068 0.024520
