1 0.420076 0.063701 0.057576 0.104146
1 0.909470 0.326087 0.051515 0.105157
1 0.972159 0.398382 0.055682 0.128413
1 0.707576 0.393327 0.047727 0.083923
1 0.503030 0.139029 0.038636 0.038423
1 0.348106 0.094540 0.042424 0.056623
1 0.086742 0.113246 0.113636 0.069767
1 0.184848 0.086451 0.073485 0.056623
1 0.238258 0.059656 0.089394 0.112235
1 0.360606 0.182508 0.035606 0.066734
0 0.669318 0.938574 0.072727 0.122851
0 0.513636 0.973458 0.059848 0.053084
0 0.259470 0.769464 0.034848 0.077856
0 0.183333 0.746208 0.047727 0.077856
0 0.419318 0.427705 0.054545 0.071790
1 0.218182 0.359454 0.031061 0.093023
1 0.817803 0.409505 0.033333 0.063701
1 0.775000 0.216380 0.044697 0.067745
1 0.131439 0.196663 0.031818 0.046512
0 0.478030 0.713852 0.043182 0.075834
0 0.849621 0.720930 0.037879 0.110212
0 0.969508 0.717897 0.060985 0.092012
0 0.612879 0.746714 0.117424 0.070779
0 0.398106 0.980030 0.065152 0.039939
0 0.092803 0.672396 0.106061 0.069767
0 0.030208 0.828109 0.060038 0.183013
