0 0.395549 0.711957 0.028598 0.052326
0 0.538826 0.771486 0.035227 0.041962
0 0.557955 0.831522 0.023864 0.031092
0 0.471970 0.830763 0.028030 0.032609
0 0.502557 0.873357 0.015720 0.015167
0 0.650663 0.868049 0.017992 0.027300
0 0.650663 0.668731 0.026326 0.040192
0 0.457386 0.754424 0.041667 0.027048
0 0.288447 0.916709 0.019318 0.046259
0 0.217140 0.957659 0.053598 0.049292
0 0.040814 0.926694 0.026705 0.034884
0 0.980966 0.655081 0.027083 0.031598
0 0.778409 0.944262 0.024242 0.043731
0 0.955777 0.910137 0.021023 0.023003
0 0.977557 0.878286 0.021402 0.032103
