0 0.151515 0.458038 0.068939 0.150657
0 0.536364 0.436805 0.076515 0.092012
0 0.450758 0.689080 0.071970 0.119312
0 0.314394 0.592012 0.081061 0.058645
0 0.191667 0.680991 0.076515 0.068756
0 0.793939 0.266431 0.035606 0.074823
0 0.617803 0.549039 0.069697 0.051567
0 0.351894 0.746714 0.056061 0.091001
0 0.127273 0.909505 0.081061 0.052578
0 0.174242 0.770475 0.062879 0.077856
0 0.018939 0.853387 0.035606 0.073812
0 0.317424 0.977503 0.087121 0.044995
0 0.552652 0.762386 0.068182 0.031345
0 0.632576 0.785137 0.034091 0.036400
0 0.843939 0.542467 0.070455 0.076845
0 0.310985 0.383721 0.027273 0.042467
0 0.567424 0.357937 0.041667 0.051567
0 0.395076 0.358948 0.043939 0.049545
0 0.965152 0.199697 0.041667 0.036400
0 0.971402 0.324570 0.057197 0.069767
0 0.947348 0.689080 0.063636 0.042467
0 0.036364 0.536400 0.035606 0.052578
0 0.065152 0.417594 0.071970 0.039434
