0 0.308333 0.421638 0.034091 0.116279
0 0.203030 0.192619 0.084091 0.135490
1 0.600189 0.528438 0.048864 0.073054
1 0.530682 0.596057 0.051515 0.041456
0 0.485606 0.395854 0.058333 0.056623
0 0.384848 0.542973 0.071970 0.067745
0 0.292803 0.572295 0.043939 0.041456
1 0.523864 0.259479 0.047727 0.060920
1 0.492424 0.843276 0.068939 0.094034
1 0.542803 0.924166 0.060606 0.067745
0 0.638258 0.639535 0.119697 0.066734
0 0.400000 0.266431 0.023485 0.028311
0 0.480208 0.234707 0.032386 0.095804
0 0.740909 0.981041 0.062879 0.037917
0 0.673390 0.467770 0.039205 0.045248
0 0.670076 0.145602 0.066667 0.071790
0 0.699621 0.217391 0.077273 0.051567
0 0.618182 0.221941 0.088636 0.082912
0 0.710985 0.326593 0.080303 0.065723
0 0.746970 0.410516 0.103788 0.092012
0 0.799621 0.685035 0.056061 0.054601
0 0.768939 0.800809 0.084091 0.027300
0 0.725379 0.859960 0.022727 0.044489
0 0.907955 0.912032 0.028788 0.067745
0 0.162500 0.383721 0.066667 0.056623
0 0.355682 0.023256 0.068182 0.041456
0 0.485227 0.146107 0.036364 0.068756
1 0.500095 0.523256 0.022159 0.034884
0 0.563542 0.243680 0.017614 0.032861
0 0.448958 0.500126 0.036174 0.116532
0 0.476894 0.515167 0.017803 0.047017
0 0.563068 0.503033 0.021970 0.062690
