1 0.689394 0.317998 0.034091 0.088979
1 0.882576 0.272497 0.049242 0.101112
1 0.957765 0.316481 0.084470 0.120324
1 0.763258 0.170374 0.042424 0.054601
1 0.432576 0.045501 0.056818 0.075834
1 0.361742 0.079373 0.050000 0.050556
1 0.370833 0.134985 0.022727 0.024267
1 0.128409 0.067240 0.142424 0.050556
1 0.215530 0.055106 0.036364 0.058645
1 0.270833 0.040319 0.065152 0.080131
1 0.507576 0.103134 0.038636 0.043478
0 0.491288 0.870576 0.087879 0.108190
0 0.668561 0.797776 0.075758 0.108190
0 0.297348 0.637513 0.039394 0.058645
0 0.232197 0.624368 0.042424 0.088979
0 0.108333 0.578362 0.064394 0.081901
0 0.158712 0.916582 0.107576 0.127401
0 0.954735 0.618301 0.090530 0.121335
0 0.490909 0.589484 0.040152 0.045501
1 0.254924 0.274520 0.028788 0.036400
1 0.286364 0.234580 0.050758 0.081901
0 0.201515 0.352882 0.028030 0.045501
0 0.428788 0.343276 0.037121 0.040445
0 0.328030 0.910010 0.038636 0.077856
