0 0.524621 0.459050 0.045455 0.053589
0 0.559470 0.540950 0.048485 0.049545
0 0.924621 0.558140 0.081818 0.063701
0 0.917424 0.646613 0.075000 0.062690
0 0.922348 0.379171 0.053030 0.033367
0 0.559091 0.208797 0.062879 0.050556
0 0.569318 0.127401 0.051515 0.059656
0 0.400758 0.040950 0.120455 0.070779
0 0.243182 0.022750 0.084091 0.038423
0 0.062500 0.178463 0.046970 0.044489
0 0.350000 0.280586 0.065909 0.076845
0 0.315909 0.353893 0.068939 0.071790
0 0.234848 0.719919 0.037121 0.037412
0 0.348864 0.610212 0.040909 0.042467
0 0.300379 0.720425 0.071212 0.052578
0 0.499242 0.589484 0.032576 0.049545
0 0.573864 0.328615 0.033333 0.029323
