0 0.137973 0.462588 0.066856 0.077351
0 0.023769 0.704247 0.047159 0.100607
0 0.078409 0.603134 0.134470 0.044489
0 0.232292 0.600733 0.118371 0.065470
0 0.051136 0.887386 0.064015 0.075076
0 0.090436 0.234707 0.055492 0.048787
0 0.342140 0.418984 0.160795 0.222700
0 0.428314 0.530586 0.054356 0.065217
0 0.336932 0.564965 0.064015 0.053084
0 0.294223 0.715243 0.085038 0.121587
0 0.414299 0.632963 0.064962 0.074317
0 0.630682 0.686552 0.118182 0.115774
0 0.676989 0.558013 0.073674 0.124115
0 0.692424 0.134100 0.123485 0.123104
0 0.804072 0.060035 0.091856 0.119565
0 0.913258 0.201593 0.075000 0.078615
0 0.952462 0.063953 0.044318 0.058140
0 0.928788 0.157988 0.025379 0.041962
0 0.885322 0.323054 0.047917 0.067240
0 0.737027 0.430359 0.153598 0.096815
0 0.754356 0.566355 0.063258 0.116026
0 0.808144 0.664560 0.076515 0.042467
0 0.840057 0.741405 0.022538 0.018706
0 0.451705 0.861603 0.070455 0.106421
0 0.311932 0.844919 0.037500 0.063448
0 0.213731 0.833670 0.054735 0.065723
0 0.276705 0.949697 0.062879 0.058140
0 0.456818 0.970804 0.063636 0.058392
0 0.492803 0.242037 0.026894 0.062437
0 0.373011 0.255182 0.046780 0.069515
0 0.251231 0.039939 0.043750 0.079373
0 0.591761 0.097321 0.087689 0.089484
0 0.478598 0.044237 0.057955 0.087968
0 0.670549 0.345298 0.039962 0.056117
0 0.564962 0.346309 0.065530 0.081901
0 0.532955 0.424545 0.012879 0.023003
0 0.907292 0.602123 0.086932 0.084429
0 0.873958 0.856041 0.057386 0.063448
0 0.820739 0.806117 0.028220 0.028817
0 0.623106 0.789055 0.066667 0.035137
0 0.652462 0.874115 0.039015 0.061173
0 0.561837 0.853766 0.019886 0.018959
0 0.509470 0.657230 0.017803 0.017695
0 0.493087 0.571663 0.057765 0.090243
0 0.592614 0.537159 0.050000 0.058140
0 0.591951 0.485086 0.060795 0.032861
0 0.613542 0.439459 0.054735 0.096815
0 0.568939 0.429474 0.022348 0.018706
0 0.431723 0.281092 0.062311 0.082912
0 0.196970 0.376643 0.036742 0.052578
0 0.248201 0.297144 0.020265 0.024014
0 0.146875 0.297649 0.063826 0.040698
0 0.095739 0.362487 0.102841 0.079373
0 0.017235 0.283241 0.034091 0.058392
0 0.036174 0.520475 0.029924 0.037412
0 0.113826 0.749368 0.049242 0.047270
0 0.119318 0.806370 0.079924 0.021234
0 0.162311 0.871714 0.058712 0.119060
0 0.414299 0.707280 0.047159 0.049545
0 0.364205 0.740774 0.040152 0.053337
0 0.391477 0.827224 0.040152 0.049292
0 0.549337 0.733569 0.025189 0.033367
0 0.511932 0.766431 0.054545 0.130940
0 0.543845 0.505814 0.021402 0.064712
0 0.455019 0.376138 0.039205 0.057128
0 0.613163 0.210693 0.064205 0.044237
