0 0.054640 0.137133 0.084659 0.169110
0 0.682292 0.305991 0.052841 0.099848
0 0.815057 0.498483 0.045644 0.097573
0 0.862879 0.556623 0.050758 0.091507
0 0.945549 0.513650 0.055492 0.035895
0 0.630587 0.633847 0.048295 0.109960
0 0.555777 0.597447 0.077462 0.079626
0 0.594792 0.520728 0.036553 0.070273
0 0.577083 0.413802 0.067045 0.137513
0 0.702557 0.395728 0.086932 0.083670
0 0.896117 0.019843 0.046780 0.039181
0 0.923674 0.075581 0.047727 0.043984
0 0.924716 0.168099 0.037689 0.081395
0 0.836648 0.208291 0.117614 0.138018
0 0.748864 0.176820 0.060985 0.103387
0 0.688068 0.196663 0.059470 0.041962
0 0.675473 0.068377 0.058902 0.096815
0 0.751136 0.018832 0.048864 0.037159
0 0.881723 0.651668 0.021780 0.028311
0 0.690341 0.636754 0.048106 0.057128
0 0.745833 0.551946 0.090152 0.063448
0 0.734848 0.614257 0.038636 0.030334
0 0.659375 0.513145 0.038447 0.032861
0 0.500379 0.749368 0.044697 0.041709
0 0.558144 0.782988 0.064394 0.060415
0 0.650947 0.731421 0.049242 0.068504
0 0.458239 0.708165 0.061553 0.071537
0 0.499527 0.637007 0.077083 0.084934
0 0.239394 0.591507 0.039015 0.056117
0 0.308996 0.602376 0.072917 0.081395
0 0.399716 0.612740 0.102083 0.061173
0 0.206913 0.336325 0.070265 0.230283
0 0.432102 0.303842 0.040720 0.060162
0 0.408144 0.359328 0.042424 0.041203
0 0.329640 0.375885 0.045644 0.065723
0 0.395076 0.530334 0.046212 0.104146
0 0.451136 0.524772 0.042424 0.064712
0 0.409375 0.464990 0.051705 0.052326
0 0.315720 0.479019 0.094697 0.112235
0 0.325852 0.736350 0.031629 0.024267
0 0.286080 0.702983 0.035417 0.065217
0 0.420739 0.725733 0.021402 0.035895
0 0.217519 0.494944 0.044886 0.088979
0 0.160795 0.055359 0.042045 0.043984
0 0.249053 0.055485 0.042045 0.071031
0 0.265814 0.149646 0.058902 0.076845
0 0.196117 0.165698 0.063068 0.094793
0 0.329830 0.201972 0.063447 0.063701
0 0.396307 0.262513 0.057386 0.065976
0 0.396970 0.162791 0.055303 0.129929
0 0.351326 0.045753 0.057955 0.050556
0 0.552178 0.240268 0.056250 0.100354
0 0.577178 0.109075 0.088826 0.070526
0 0.576515 0.200076 0.046591 0.067998
0 0.496307 0.279828 0.047159 0.053589
0 0.521875 0.371335 0.062311 0.067745
0 0.444886 0.398509 0.027652 0.035137
0 0.459659 0.190217 0.041288 0.042214
0 0.500379 0.198306 0.039015 0.085693
0 0.442992 0.134479 0.038636 0.042973
0 0.817614 0.059403 0.040530 0.052073
0 0.760417 0.074949 0.041288 0.038675
0 0.508902 0.065217 0.047348 0.046512
0 0.499242 0.009100 0.025379 0.017695
0 0.220833 0.910263 0.019697 0.022245
0 0.052367 0.342518 0.019886 0.037917
0 0.150473 0.277048 0.042992 0.089990
0 0.114489 0.233696 0.021780 0.011375
0 0.093466 0.278691 0.018371 0.071031
0 0.160322 0.367290 0.019886 0.024267
0 0.160227 0.438448 0.023864 0.064459
