0 0.390625 0.978893 0.066856 0.042214
0 0.553883 0.955637 0.064583 0.070020
0 0.041477 0.681749 0.082576 0.141557
0 0.020549 0.875758 0.039962 0.146866
0 0.066667 0.819135 0.057197 0.063448
0 0.085985 0.933392 0.050758 0.129676
0 0.179167 0.900152 0.149242 0.199697
0 0.026989 0.435541 0.047159 0.060162
0 0.070076 0.577351 0.093182 0.059656
0 0.068087 0.082786 0.067992 0.140799
0 0.101989 0.238751 0.072159 0.099848
0 0.085795 0.332912 0.076136 0.174419
0 0.174148 0.426820 0.084280 0.131699
0 0.162027 0.582659 0.080114 0.167341
0 0.200473 0.759353 0.096780 0.061173
0 0.120644 0.761881 0.038636 0.049039
0 0.263068 0.587588 0.126136 0.182255
0 0.200000 0.699444 0.063636 0.055612
0 0.304261 0.730915 0.072917 0.102376
0 0.343655 0.864257 0.160795 0.149646
0 0.415057 0.707406 0.144508 0.214611
0 0.434848 0.556623 0.114773 0.089484
0 0.271970 0.366026 0.113258 0.115774
0 0.439678 0.278059 0.230114 0.465622
0 0.290246 0.047144 0.113447 0.093782
0 0.304640 0.156977 0.044886 0.085945
0 0.188542 0.203236 0.097159 0.133468
0 0.664678 0.265420 0.212689 0.354398
0 0.651799 0.554474 0.283523 0.213094
0 0.808144 0.679601 0.057955 0.114510
0 0.885133 0.669489 0.066098 0.055865
0 0.862027 0.328236 0.180114 0.114510
0 0.956723 0.127149 0.072159 0.133974
0 0.774905 0.040698 0.152083 0.080890
0 0.867614 0.090116 0.036742 0.098332
0 0.821496 0.476239 0.103977 0.192113
0 0.977652 0.605030 0.044697 0.123610
0 0.952273 0.705131 0.095455 0.118049
0 0.526705 0.793478 0.138258 0.203741
0 0.594792 0.850228 0.091477 0.115015
0 0.638068 0.726871 0.096591 0.123104
0 0.704356 0.700202 0.068939 0.103134
0 0.628977 0.966254 0.079924 0.067492
0 0.719129 0.875126 0.130682 0.218402
0 0.892614 0.832280 0.038258 0.039181
0 0.866761 0.917720 0.049432 0.046764
