0 0.073769 0.454120 0.077841 0.086704
0 0.225852 0.236982 0.038826 0.055359
0 0.730208 0.386375 0.042992 0.064965
0 0.686458 0.446284 0.114583 0.105410
0 0.583333 0.403564 0.101515 0.171638
0 0.400095 0.537159 0.040720 0.067745
0 0.332481 0.452224 0.084280 0.136502
0 0.237595 0.465116 0.091098 0.041962
0 0.354830 0.322674 0.099811 0.072042
0 0.673769 0.134732 0.035038 0.061678
0 0.757576 0.062942 0.055303 0.093529
0 0.750473 0.245703 0.071780 0.167846
0 0.907955 0.290950 0.119697 0.165824
0 0.825284 0.150025 0.078598 0.152932
0 0.883144 0.565723 0.105682 0.077351
0 0.877841 0.655586 0.037121 0.065470
0 0.930871 0.685920 0.054545 0.113498
0 0.775947 0.899393 0.118561 0.075834
0 0.552462 0.819515 0.056818 0.059151
0 0.701989 0.730283 0.046402 0.074317
0 0.613068 0.732685 0.089394 0.131699
0 0.746686 0.600733 0.072159 0.082659
0 0.671496 0.615774 0.052462 0.044995
0 0.629830 0.572169 0.042235 0.131193
0 0.571780 0.606926 0.044697 0.104651
0 0.499432 0.570399 0.095076 0.062942
0 0.488068 0.673407 0.031061 0.041962
0 0.531913 0.663928 0.049432 0.096309
0 0.503125 0.772624 0.081250 0.054348
0 0.423674 0.631193 0.095076 0.084429
0 0.448295 0.705511 0.056439 0.067745
0 0.403220 0.749115 0.049242 0.038675
0 0.368750 0.857432 0.068939 0.067240
0 0.290530 0.656092 0.084091 0.045248
0 0.337689 0.701593 0.041667 0.046764
0 0.322443 0.774267 0.047917 0.084429
0 0.399148 0.688701 0.010417 0.019970
0 0.454167 0.515040 0.018939 0.029575
0 0.465152 0.383595 0.056061 0.103893
0 0.500284 0.304474 0.086553 0.036148
0 0.407008 0.446790 0.023485 0.020475
0 0.236269 0.288043 0.034280 0.037159
0 0.192803 0.296638 0.026515 0.051820
0 0.265152 0.250126 0.025000 0.020981
0 0.095170 0.561805 0.034659 0.051820
0 0.148201 0.472447 0.042235 0.068251
0 0.447254 0.227250 0.079356 0.071790
0 0.521307 0.265167 0.060038 0.040445
0 0.564489 0.230030 0.040720 0.097573
0 0.627652 0.230789 0.073485 0.077856
0 0.668845 0.376517 0.030114 0.028059
0 0.682481 0.558392 0.042992 0.075834
0 0.764394 0.700202 0.059091 0.040445
0 0.828788 0.735971 0.071212 0.073559
0 0.792614 0.811678 0.055682 0.061173
0 0.630492 0.849469 0.089773 0.089737
0 0.552652 0.892189 0.045833 0.041203
0 0.667045 0.945652 0.071212 0.085945
0 0.591856 0.949949 0.061364 0.100101
0 0.529735 0.975986 0.046591 0.048028
0 0.429261 0.970172 0.056629 0.059656
0 0.253314 0.817745 0.092992 0.052578
0 0.112973 0.926441 0.032765 0.032356
0 0.172254 0.808771 0.039962 0.048281
0 0.074242 0.798281 0.040530 0.079373
0 0.303125 0.591759 0.033902 0.040950
0 0.219129 0.670627 0.042424 0.068251
0 0.155777 0.622978 0.058144 0.030586
0 0.192614 0.596689 0.034091 0.020475
0 0.091667 0.509100 0.050758 0.029828
0 0.742519 0.974596 0.042614 0.050809
0 0.809754 0.971689 0.035038 0.056623
0 0.881345 0.860971 0.064583 0.034378
0 0.931439 0.915445 0.035606 0.034631
0 0.874148 0.481673 0.044129 0.023509
0 0.879830 0.444388 0.030871 0.029828
0 0.792330 0.387133 0.068750 0.083165
0 0.795549 0.461198 0.055492 0.048787
