0 0.724337 0.704752 0.099811 0.083923
0 0.945170 0.713347 0.051705 0.089484
0 0.893750 0.835819 0.068182 0.130688
0 0.796496 0.831775 0.153977 0.189333
0 0.203977 0.250885 0.119697 0.140799
0 0.127746 0.067872 0.139205 0.131193
0 0.287311 0.099722 0.125379 0.073054
0 0.093277 0.573306 0.066098 0.065217
0 0.131345 0.700455 0.127841 0.134479
0 0.160417 0.812942 0.039015 0.049545
0 0.167992 0.913928 0.144697 0.136754
0 0.045928 0.902174 0.064962 0.111729
0 0.299621 0.770602 0.126515 0.174671
0 0.319129 0.928210 0.100379 0.097573
0 0.458428 0.912917 0.173295 0.174166
0 0.295549 0.511502 0.236174 0.197422
0 0.400379 0.730283 0.043561 0.109201
0 0.471591 0.631699 0.062879 0.135490
0 0.470644 0.510617 0.073864 0.111729
0 0.558239 0.426441 0.066098 0.099596
0 0.457576 0.123104 0.082955 0.194135
0 0.537784 0.245197 0.092614 0.143579
0 0.612121 0.308392 0.108333 0.041962
0 0.698295 0.378539 0.087500 0.072548
0 0.667140 0.575076 0.086932 0.145096
0 0.752557 0.543605 0.081250 0.247978
0 0.671970 0.483190 0.094318 0.063448
0 0.620928 0.417846 0.052841 0.052073
0 0.845455 0.309656 0.071212 0.094034
0 0.902746 0.073938 0.074811 0.147371
0 0.783996 0.055865 0.089583 0.076845
0 0.721117 0.148256 0.057386 0.080131
0 0.685701 0.026542 0.041098 0.052578
0 0.653030 0.083797 0.040152 0.035137
0 0.943182 0.330131 0.052273 0.043478
0 0.812121 0.668984 0.051515 0.041203
0 0.596780 0.687058 0.026136 0.051567
0 0.651231 0.902048 0.092235 0.155966
0 0.639299 0.768706 0.032386 0.025784
0 0.354261 0.333670 0.179356 0.127907
0 0.214205 0.385870 0.092803 0.073054
0 0.089678 0.214737 0.104735 0.121587
0 0.025189 0.280334 0.043561 0.109707
0 0.088258 0.318124 0.074621 0.080637
0 0.490814 0.394338 0.080871 0.084934
