0 0.047727 0.962209 0.070076 0.072042
0 0.124148 0.956648 0.044129 0.086704
0 0.883902 0.962715 0.048485 0.039687
0 0.859754 0.884226 0.097538 0.102123
0 0.712311 0.947674 0.056439 0.064712
0 0.629261 0.972447 0.072538 0.051567
0 0.689867 0.872093 0.068750 0.069262
0 0.596591 0.872599 0.059470 0.089990
0 0.509375 0.890420 0.077841 0.098332
0 0.766098 0.422144 0.043939 0.106673
0 0.807102 0.542846 0.064962 0.114510
0 0.887973 0.761502 0.023295 0.096815
0 0.884375 0.544742 0.028220 0.060162
0 0.571212 0.740900 0.061364 0.092012
0 0.658049 0.678969 0.092235 0.154196
0 0.285322 0.328488 0.055114 0.114004
0 0.334659 0.524014 0.056439 0.083418
0 0.448485 0.474596 0.089015 0.065976
0 0.414583 0.607179 0.114015 0.080890
0 0.375947 0.680865 0.045455 0.077604
0 0.217803 0.484328 0.057955 0.158746
0 0.306061 0.819009 0.030682 0.058140
0 0.512405 0.787538 0.064583 0.072548
0 0.882481 0.278564 0.039962 0.067745
0 0.981250 0.445273 0.037500 0.067492
0 0.949716 0.529954 0.060038 0.034631
0 0.832765 0.429727 0.070833 0.043984
0 0.769318 0.159631 0.066288 0.073559
0 0.614867 0.472447 0.034280 0.052073
0 0.670265 0.129929 0.132197 0.151163
0 0.629640 0.298787 0.063826 0.183519
0 0.688542 0.300051 0.053220 0.069767
0 0.564773 0.271234 0.050000 0.083418
0 0.574242 0.373989 0.058333 0.115521
0 0.519792 0.302578 0.035038 0.049039
0 0.480398 0.322422 0.053598 0.123104
0 0.293371 0.426694 0.051894 0.074823
0 0.441004 0.179348 0.058902 0.086704
0 0.293371 0.165066 0.061742 0.166835
0 0.320170 0.052452 0.066856 0.061931
0 0.427178 0.085313 0.046402 0.087715
0 0.144129 0.238246 0.069318 0.071031
0 0.075852 0.474975 0.060038 0.102123
0 0.391856 0.183140 0.039394 0.055359
0 0.390341 0.273635 0.062879 0.071031
0 0.514962 0.681496 0.035985 0.042973
0 0.274621 0.685541 0.101136 0.129424
0 0.337784 0.782988 0.071402 0.082154
0 0.134943 0.550303 0.083144 0.104146
0 0.467992 0.686426 0.054545 0.083165
0 0.438068 0.752654 0.079924 0.050303
0 0.574527 0.610971 0.046402 0.058140
0 0.527273 0.511628 0.036742 0.056623
0 0.555398 0.465875 0.047917 0.060162
0 0.368182 0.416835 0.089394 0.073812
0 0.441951 0.399899 0.042992 0.047017
0 0.432292 0.342644 0.038447 0.042214
0 0.570739 0.181244 0.052462 0.056117
0 0.776042 0.078236 0.041856 0.041709
0 0.169318 0.131825 0.029545 0.055359
0 0.247727 0.955637 0.048485 0.088726
0 0.294413 0.540571 0.030492 0.047270
0 0.113731 0.416456 0.025189 0.059403
0 0.261648 0.584050 0.033902 0.070526
