0 0.304072 0.784757 0.084280 0.112487
0 0.238068 0.747093 0.039394 0.074570
0 0.957576 0.279575 0.084848 0.167341
0 0.911080 0.347573 0.015720 0.018706
0 0.943277 0.126264 0.113447 0.142821
0 0.221686 0.061047 0.081250 0.094793
0 0.278409 0.034884 0.048864 0.043984
0 0.262216 0.129424 0.040341 0.051062
0 0.291098 0.240521 0.034091 0.075076
0 0.250000 0.172776 0.070833 0.039687
0 0.043087 0.631825 0.022159 0.026542
0 0.058144 0.565344 0.059848 0.097826
0 0.129356 0.547776 0.034470 0.044489
0 0.107386 0.492543 0.040909 0.075581
0 0.114205 0.628918 0.065152 0.044995
0 0.117140 0.575834 0.035417 0.046512
0 0.051326 0.467897 0.041667 0.058645
0 0.343371 0.428463 0.076136 0.060162
0 0.465057 0.414813 0.033144 0.076340
0 0.360417 0.508468 0.043561 0.036653
0 0.435417 0.507836 0.044697 0.038928
