0 0.301989 0.064080 0.099053 0.127654
0 0.423011 0.046385 0.103598 0.092265
0 0.476326 0.145096 0.134848 0.168857
0 0.369886 0.352250 0.159091 0.233316
0 0.390720 0.505814 0.082955 0.067240
0 0.595928 0.382457 0.211553 0.253792
0 0.803314 0.139029 0.072538 0.074823
0 0.912595 0.029449 0.059659 0.058392
0 0.938447 0.139282 0.106818 0.203236
0 0.847822 0.204373 0.060038 0.063448
0 0.686269 0.098964 0.110038 0.155966
0 0.178314 0.601744 0.066098 0.137765
0 0.376136 0.621967 0.082955 0.162032
0 0.498769 0.653059 0.152083 0.260111
0 0.461174 0.822548 0.070076 0.159757
0 0.111080 0.938574 0.145265 0.122851
0 0.223295 0.896613 0.081818 0.119312
0 0.181723 0.764788 0.139962 0.080637
0 0.299148 0.677578 0.072538 0.164560
0 0.707670 0.907356 0.093371 0.185288
0 0.621970 0.614636 0.120833 0.206522
0 0.800947 0.387260 0.188636 0.271992
0 0.891572 0.524393 0.121023 0.263650
0 0.947348 0.776416 0.080303 0.205005
0 0.775947 0.777553 0.096591 0.169869
0 0.755398 0.606673 0.147538 0.199191
0 0.657765 0.730157 0.037879 0.055359
0 0.635511 0.809151 0.071402 0.059656
0 0.298769 0.537285 0.083902 0.090243
0 0.040246 0.480030 0.080114 0.067240
0 0.238542 0.364257 0.080114 0.042467
0 0.180777 0.069894 0.079735 0.057887
0 0.877083 0.686299 0.057197 0.067745
0 0.957860 0.926314 0.084280 0.119060
0 0.864394 0.930991 0.068939 0.083923
0 0.387216 0.848458 0.066477 0.131699
0 0.311742 0.964990 0.073485 0.070020
0 0.100947 0.848205 0.076515 0.062437
0 0.086648 0.689206 0.071402 0.131699
0 0.042708 0.585693 0.052841 0.078362
0 0.825663 0.032356 0.113068 0.064206
0 0.068087 0.236097 0.117235 0.085945
0 0.473485 0.956016 0.086742 0.087968
0 0.548201 0.970551 0.064962 0.050303
0 0.474811 0.448433 0.039015 0.046512
