0 0.176042 0.826087 0.092235 0.160263
0 0.306629 0.782482 0.184091 0.222700
0 0.250663 0.958544 0.102841 0.082912
0 0.416856 0.643200 0.107197 0.129171
0 0.200284 0.606421 0.120644 0.167341
0 0.252652 0.516810 0.103409 0.175177
0 0.297159 0.433771 0.075000 0.120829
0 0.257860 0.354904 0.116477 0.160263
0 0.203883 0.118301 0.180871 0.188069
0 0.066098 0.057381 0.131818 0.114257
0 0.367045 0.144085 0.051136 0.101112
0 0.465246 0.256193 0.053977 0.053337
0 0.435417 0.176946 0.057197 0.069767
0 0.561553 0.036653 0.132955 0.072801
0 0.428314 0.101112 0.035795 0.083923
0 0.077367 0.853008 0.067992 0.077604
0 0.128788 0.936678 0.083712 0.097321
0 0.711174 0.954752 0.074242 0.090495
0 0.689299 0.704626 0.118371 0.164560
0 0.820076 0.794742 0.100379 0.144590
0 0.764394 0.865900 0.033333 0.048281
0 0.434564 0.836830 0.066856 0.097826
0 0.469318 0.905207 0.145076 0.185035
0 0.442992 0.746208 0.037879 0.068251
0 0.511742 0.696790 0.061742 0.111476
0 0.567519 0.625379 0.059659 0.092518
0 0.588163 0.724090 0.078220 0.079120
0 0.625947 0.830890 0.119318 0.099090
0 0.595739 0.924039 0.107008 0.151921
0 0.129451 0.269464 0.091477 0.038928
0 0.017708 0.191102 0.035038 0.088979
0 0.040057 0.363498 0.079735 0.165319
0 0.782292 0.085819 0.166856 0.089737
0 0.628693 0.179348 0.212311 0.159505
0 0.572917 0.336451 0.137879 0.184530
0 0.659659 0.454120 0.126136 0.095298
0 0.921591 0.635617 0.073864 0.121587
0 0.808807 0.549166 0.084280 0.156977
0 0.770928 0.362235 0.136553 0.186552
0 0.800473 0.192619 0.134659 0.126896
0 0.917140 0.274520 0.163068 0.149141
0 0.071023 0.565217 0.070076 0.106168
0 0.110322 0.200834 0.048295 0.046764
0 0.033523 0.694894 0.049242 0.065723
0 0.113352 0.327098 0.074811 0.072295
0 0.064867 0.253413 0.024811 0.061931
0 0.203788 0.295374 0.020833 0.027048
0 0.562973 0.468402 0.064205 0.078362
0 0.621591 0.541962 0.053409 0.049545
0 0.703504 0.523003 0.047917 0.043984
0 0.749905 0.491658 0.037311 0.076845
0 0.795644 0.686047 0.063636 0.056623
0 0.866667 0.956269 0.050379 0.079373
0 0.971117 0.428589 0.057765 0.112993
0 0.897917 0.531345 0.054545 0.076845
0 0.395833 0.424166 0.026136 0.047523
0 0.456061 0.436047 0.023864 0.034884
0 0.912784 0.809403 0.088826 0.069767
