0 0.359659 0.130308 0.061364 0.063953
0 0.875852 0.717139 0.056250 0.061678
0 0.937027 0.582154 0.046780 0.053084
0 0.607860 0.576593 0.078220 0.136502
0 0.691951 0.555991 0.090720 0.172144
0 0.690246 0.732179 0.066477 0.086704
0 0.599811 0.856926 0.112879 0.127401
0 0.211932 0.153691 0.134091 0.235592
0 0.110985 0.587588 0.176515 0.181244
0 0.192235 0.361097 0.206061 0.154449
0 0.365530 0.364889 0.082576 0.106926
0 0.505114 0.300177 0.067045 0.220677
0 0.423580 0.124874 0.077841 0.059151
0 0.525473 0.054601 0.097538 0.107179
0 0.778977 0.054727 0.158333 0.108948
0 0.963258 0.169110 0.067803 0.095046
0 0.844792 0.185794 0.116856 0.099596
0 0.502746 0.476744 0.110417 0.135996
0 0.611648 0.380435 0.085795 0.134985
0 0.724716 0.276163 0.134659 0.234833
0 0.651420 0.079499 0.084659 0.072042
0 0.255492 0.553084 0.117424 0.225480
0 0.387216 0.527553 0.072917 0.127907
0 0.307670 0.715875 0.157008 0.118301
0 0.301799 0.844161 0.105871 0.137260
0 0.425000 0.865394 0.100758 0.181749
0 0.075568 0.880940 0.067803 0.064712
0 0.164583 0.757204 0.064394 0.112993
0 0.475947 0.627528 0.113258 0.163549
0 0.505682 0.833923 0.043182 0.094034
0 0.377841 0.968655 0.068561 0.062690
0 0.015341 0.733190 0.030303 0.084681
0 0.430019 0.048028 0.090720 0.058140
0 0.307576 0.048281 0.052652 0.035895
0 0.397159 0.248483 0.077273 0.104651
0 0.351610 0.598584 0.042235 0.045501
0 0.902083 0.061552 0.029924 0.049798
0 0.121307 0.090748 0.044508 0.060162
0 0.049527 0.123862 0.052083 0.106673
0 0.086837 0.143327 0.029356 0.046512
0 0.033333 0.249494 0.059470 0.052578
0 0.106629 0.216380 0.079167 0.060667
