0 0.944129 0.597952 0.111742 0.085693
0 0.943277 0.744060 0.113447 0.210566
0 0.905303 0.155334 0.066288 0.090243
0 0.683807 0.467518 0.131250 0.182255
0 0.582008 0.437437 0.061742 0.052831
0 0.575947 0.520222 0.057197 0.093529
0 0.708523 0.095425 0.049242 0.056876
0 0.806061 0.039687 0.081061 0.074317
0 0.534280 0.075961 0.055303 0.073054
0 0.658333 0.238498 0.060985 0.075581
0 0.563258 0.291709 0.065909 0.137513
0 0.457386 0.478893 0.025379 0.040192
0 0.363826 0.366785 0.037121 0.072801
0 0.271023 0.584050 0.103788 0.147877
0 0.251231 0.471057 0.085038 0.066987
0 0.194697 0.489257 0.073106 0.129171
0 0.251042 0.317240 0.084659 0.167846
0 0.185322 0.380688 0.050947 0.051567
0 0.380208 0.153691 0.085038 0.075329
0 0.441951 0.051062 0.061174 0.095551
0 0.364489 0.094034 0.055871 0.076340
0 0.062595 0.050051 0.069129 0.080890
0 0.123485 0.141684 0.068182 0.065470
0 0.040436 0.422776 0.035795 0.072042
0 0.090814 0.444135 0.061932 0.130940
0 0.136932 0.333797 0.056818 0.096815
0 0.037784 0.763524 0.055871 0.067492
0 0.454167 0.902427 0.032197 0.067745
0 0.351705 0.962083 0.037500 0.049545
0 0.483523 0.311047 0.080303 0.085693
0 0.405398 0.288423 0.085038 0.048028
0 0.327652 0.282861 0.062879 0.053589
0 0.317519 0.159505 0.031629 0.034378
0 0.778883 0.140167 0.056629 0.061931
0 0.730682 0.165319 0.042424 0.061678
0 0.738163 0.263145 0.043371 0.056623
0 0.447254 0.408241 0.041477 0.054601
0 0.417235 0.594793 0.036742 0.036400
