0 0.654830 0.948433 0.122159 0.103134
0 0.765057 0.891431 0.042614 0.079626
0 0.520833 0.965369 0.146591 0.065217
0 0.281061 0.957533 0.062879 0.075329
0 0.091856 0.976112 0.039773 0.043731
0 0.099148 0.912664 0.035038 0.063953
0 0.531534 0.820399 0.103598 0.161527
0 0.500663 0.704120 0.066098 0.114004
0 0.469697 0.593908 0.128030 0.114004
0 0.434186 0.815849 0.078220 0.114510
0 0.354356 0.851365 0.132197 0.174924
0 0.355492 0.681117 0.107576 0.163549
0 0.446686 0.696663 0.060417 0.106673
0 0.485322 0.173913 0.090341 0.103134
0 0.555114 0.243049 0.095076 0.113498
0 0.626420 0.132710 0.028220 0.041456
0 0.677557 0.080258 0.071023 0.081648
0 0.734186 0.145096 0.077841 0.053084
0 0.765246 0.225354 0.055114 0.103893
0 0.657481 0.223837 0.064583 0.079626
0 0.300189 0.290445 0.096212 0.125379
0 0.432576 0.329626 0.095833 0.095046
0 0.422443 0.409378 0.047538 0.071031
0 0.321780 0.478893 0.044318 0.064459
0 0.381629 0.538549 0.132576 0.173155
0 0.279640 0.648256 0.084280 0.091254
0 0.231723 0.726491 0.064962 0.082406
0 0.269981 0.808266 0.091477 0.104904
0 0.162216 0.932002 0.048295 0.060667
0 0.172822 0.410263 0.041477 0.074823
0 0.127083 0.456775 0.045076 0.051567
0 0.196212 0.520602 0.169697 0.128665
0 0.137216 0.616532 0.111174 0.049545
0 0.073769 0.827098 0.059280 0.066229
0 0.256723 0.185667 0.072159 0.071031
0 0.212405 0.244692 0.079356 0.151163
0 0.090720 0.056370 0.121212 0.092012
0 0.177746 0.080637 0.060795 0.153185
0 0.275284 0.097194 0.117235 0.155460
0 0.050189 0.190597 0.048485 0.061173
0 0.133428 0.234075 0.078598 0.135490
0 0.110417 0.353134 0.069697 0.101112
0 0.049811 0.287917 0.042803 0.066734
