0 0.117424 0.078236 0.140909 0.140293
0 0.215246 0.179601 0.057765 0.078615
0 0.258902 0.045880 0.132197 0.091254
0 0.302178 0.154954 0.090341 0.116279
0 0.344318 0.247599 0.048106 0.095298
0 0.436648 0.306244 0.104735 0.154449
0 0.445076 0.206143 0.128030 0.050303
0 0.451326 0.089611 0.081061 0.092770
0 0.173485 0.256067 0.125000 0.130940
0 0.188352 0.380435 0.099432 0.114762
0 0.090436 0.336957 0.078977 0.118301
0 0.125095 0.498231 0.096023 0.100101
0 0.251799 0.480410 0.145265 0.095298
0 0.340625 0.422776 0.032765 0.047270
0 0.377557 0.496335 0.097159 0.072042
0 0.478788 0.493428 0.075000 0.070779
0 0.515530 0.571411 0.042803 0.064459
0 0.450852 0.768327 0.075947 0.098837
0 0.508807 0.806876 0.028220 0.039939
0 0.591477 0.840875 0.065530 0.063953
0 0.521023 0.913423 0.258333 0.078615
0 0.323106 0.862614 0.125000 0.098837
0 0.301042 0.770349 0.067235 0.095298
0 0.415436 0.614510 0.073674 0.141557
0 0.472443 0.642695 0.038447 0.070526
0 0.538068 0.652427 0.055303 0.038423
0 0.297159 0.638145 0.167803 0.214611
0 0.185133 0.620071 0.054735 0.106673
0 0.092898 0.667973 0.022159 0.031598
0 0.122538 0.707154 0.167424 0.061931
0 0.116667 0.796512 0.089773 0.096562
0 0.170455 0.849596 0.096591 0.135996
0 0.106250 0.925683 0.030303 0.046512
0 0.156439 0.959429 0.053409 0.080637
0 0.100758 0.974975 0.060227 0.049039
0 0.054735 0.908873 0.060985 0.103387
0 0.041572 0.814333 0.038447 0.079120
0 0.021591 0.652048 0.035227 0.050303
0 0.018277 0.557887 0.035417 0.055106
0 0.039015 0.417973 0.076894 0.170627
0 0.135038 0.620324 0.019697 0.010111
0 0.223864 0.962083 0.037500 0.075834
0 0.287689 0.946537 0.087121 0.050809
0 0.383523 0.980157 0.076894 0.039687
0 0.692519 0.780334 0.100947 0.110212
0 0.723011 0.696411 0.065341 0.086957
1 0.754356 0.896866 0.178409 0.182002
0 0.960985 0.791709 0.064015 0.052073
1 0.967519 0.908241 0.060417 0.155713
1 0.900947 0.975354 0.048485 0.049292
0 0.615341 0.352250 0.027273 0.067492
0 0.697538 0.055233 0.058712 0.080131
0 0.532197 0.213979 0.039394 0.091759
0 0.591288 0.286148 0.067424 0.049039
1 0.835133 0.750758 0.118750 0.144590
1 0.940436 0.671132 0.104735 0.202730
1 0.860985 0.525278 0.095833 0.074823
1 0.928030 0.512260 0.046591 0.065976
1 0.762973 0.572674 0.096402 0.097826
1 0.831723 0.466254 0.067235 0.065976
1 0.857481 0.359960 0.086553 0.137007
1 0.933428 0.326466 0.084280 0.117543
1 0.939394 0.436047 0.115909 0.096057
1 0.912973 0.187942 0.086174 0.140293
1 0.978220 0.202351 0.043561 0.137260
0 0.852367 0.228893 0.055871 0.099343
0 0.782197 0.175683 0.085985 0.043478
0 0.812784 0.233822 0.036174 0.050556
0 0.741004 0.474469 0.063826 0.089990
1 0.851136 0.055485 0.073864 0.109454
1 0.788068 0.084808 0.104924 0.114510
1 0.967803 0.025152 0.016667 0.018453
