0 0.411174 0.950961 0.104545 0.097573
0 0.573674 0.848964 0.062121 0.073054
0 0.774527 0.757963 0.096023 0.123104
0 0.823201 0.609201 0.131250 0.088473
0 0.939773 0.717644 0.030682 0.071284
0 0.709943 0.316355 0.127841 0.107432
0 0.750663 0.192745 0.080114 0.153943
0 0.844602 0.209050 0.083144 0.142063
0 0.931155 0.218276 0.052841 0.132710
0 0.910322 0.361476 0.059280 0.084934
0 0.760038 0.051062 0.066288 0.070779
0 0.331723 0.090369 0.080871 0.143832
0 0.233617 0.168225 0.114583 0.083165
0 0.161174 0.234960 0.107197 0.187816
0 0.288731 0.366658 0.118750 0.145854
0 0.398769 0.445399 0.106250 0.084934
0 0.456439 0.595930 0.120076 0.128665
0 0.221307 0.875379 0.023674 0.050051
0 0.282292 0.831143 0.112689 0.075329
0 0.185606 0.863119 0.081439 0.091759
0 0.307292 0.607685 0.086932 0.109707
0 0.221402 0.546512 0.098485 0.100101
0 0.162405 0.395728 0.114205 0.114510
0 0.099716 0.479904 0.117992 0.103387
0 0.078030 0.606673 0.067424 0.084429
0 0.146307 0.753033 0.155871 0.067240
0 0.174621 0.648256 0.092045 0.115015
0 0.138447 0.063953 0.104167 0.076845
0 0.052462 0.167341 0.054167 0.121840
0 0.490436 0.287159 0.077083 0.064712
0 0.575663 0.480662 0.080492 0.090243
0 0.549148 0.551188 0.045644 0.040192
0 0.612879 0.567240 0.025000 0.034378
0 0.419886 0.853640 0.031439 0.086451
0 0.419034 0.710313 0.091098 0.112740
0 0.532102 0.694894 0.068750 0.141557
0 0.399905 0.054853 0.024811 0.034884
