0 0.427557 0.800177 0.090720 0.175177
0 0.521591 0.878665 0.060227 0.067745
0 0.719318 0.119944 0.135606 0.107432
0 0.808617 0.029196 0.158902 0.057887
0 0.918750 0.035516 0.061742 0.070526
0 0.910133 0.129803 0.071023 0.069515
0 0.969981 0.240900 0.060038 0.082912
0 0.310038 0.410642 0.059091 0.093782
0 0.227367 0.348079 0.099432 0.093529
0 0.189110 0.442492 0.056250 0.099848
0 0.232765 0.662538 0.056818 0.072295
0 0.320170 0.625506 0.130871 0.121082
0 0.323580 0.735592 0.067235 0.058645
0 0.107765 0.864510 0.046970 0.064712
0 0.051326 0.827730 0.076136 0.073054
0 0.018371 0.754424 0.036364 0.114510
0 0.155303 0.678589 0.089394 0.086198
0 0.189110 0.564080 0.077841 0.075076
0 0.108807 0.564333 0.080114 0.052831
0 0.103693 0.266936 0.086174 0.084429
0 0.152557 0.189206 0.083144 0.104398
0 0.190152 0.073180 0.079924 0.141304
0 0.304924 0.197422 0.091667 0.067240
0 0.403030 0.256193 0.101894 0.102882
0 0.457481 0.358948 0.080871 0.104146
0 0.424053 0.472700 0.095076 0.117796
0 0.471402 0.601997 0.063258 0.110971
0 0.555208 0.517821 0.099811 0.108948
0 0.551326 0.404575 0.082576 0.090748
0 0.581155 0.299419 0.080492 0.103387
0 0.834943 0.418731 0.095644 0.081143
0 0.773011 0.535895 0.097159 0.084429
0 0.808049 0.598837 0.052841 0.024267
0 0.947159 0.526668 0.038258 0.081143
0 0.783428 0.764661 0.087311 0.155713
0 0.665530 0.744060 0.066667 0.054853
0 0.704261 0.712715 0.039962 0.053337
0 0.661837 0.572548 0.043750 0.048028
0 0.709470 0.554853 0.057576 0.042973
0 0.173769 0.822042 0.055871 0.032861
0 0.212879 0.971183 0.062500 0.057634
0 0.884280 0.851618 0.061364 0.064206
0 0.576326 0.684783 0.056061 0.094034
0 0.549432 0.741911 0.044697 0.029323
