0 0.443087 0.585313 0.096023 0.179727
0 0.525852 0.670627 0.074053 0.106673
0 0.085322 0.080890 0.108144 0.109707
0 0.222633 0.167467 0.089205 0.078109
0 0.196212 0.248610 0.088636 0.103893
0 0.326136 0.212209 0.054167 0.069009
0 0.357576 0.731800 0.078409 0.083418
0 0.348580 0.646234 0.084280 0.060415
0 0.207576 0.374115 0.072727 0.080384
0 0.320170 0.428716 0.112689 0.113751
0 0.157292 0.488498 0.083144 0.105915
0 0.045549 0.328868 0.057765 0.109201
0 0.067519 0.455763 0.057765 0.051567
0 0.107102 0.395728 0.058523 0.075076
0 0.467140 0.130688 0.092614 0.121840
0 0.416098 0.287412 0.091288 0.093023
0 0.524621 0.259479 0.056061 0.107432
0 0.587689 0.353261 0.066667 0.116532
0 0.673958 0.361855 0.033523 0.075076
0 0.732292 0.307634 0.067614 0.093023
0 0.815152 0.261628 0.117803 0.089484
0 0.957576 0.359833 0.056818 0.105915
0 0.809280 0.560541 0.088258 0.110971
0 0.766383 0.631825 0.080492 0.085693
0 0.100663 0.675303 0.099053 0.111476
0 0.035322 0.589990 0.070265 0.145096
0 0.267045 0.930233 0.060606 0.058645
0 0.152462 0.947674 0.085606 0.104651
0 0.100000 0.872851 0.044318 0.088473
0 0.233239 0.463600 0.061174 0.074317
0 0.308523 0.534125 0.085227 0.050556
0 0.242045 0.621208 0.060227 0.075076
0 0.165152 0.024393 0.070076 0.046764
0 0.446307 0.395728 0.081629 0.110971
0 0.647064 0.222826 0.062311 0.057887
0 0.585511 0.093655 0.036174 0.052326
0 0.936080 0.497599 0.034280 0.053337
0 0.973390 0.466759 0.038447 0.085693
0 0.741572 0.800556 0.050189 0.060667
0 0.578693 0.501896 0.039962 0.077604
0 0.539773 0.553210 0.055303 0.032103
