0 0.130682 0.526668 0.164394 0.123610
0 0.735038 0.598837 0.131818 0.160263
0 0.597443 0.620829 0.115341 0.128918
0 0.629072 0.759606 0.097159 0.166835
0 0.706250 0.813953 0.063636 0.115268
0 0.704356 0.087336 0.153409 0.174166
0 0.665530 0.272624 0.055682 0.128665
0 0.804356 0.242543 0.042424 0.056370
0 0.477083 0.341633 0.062500 0.064459
0 0.257670 0.320526 0.103220 0.099596
0 0.148485 0.237108 0.132197 0.100607
0 0.012879 0.695905 0.025379 0.130435
0 0.122917 0.907609 0.075379 0.097826
0 0.581061 0.951845 0.084091 0.096309
0 0.484754 0.921512 0.065720 0.076593
0 0.937595 0.947042 0.121023 0.105915
0 0.666856 0.918225 0.088258 0.103387
0 0.479924 0.750758 0.099621 0.115774
0 0.417045 0.458670 0.158333 0.195399
0 0.328220 0.702224 0.090152 0.117796
0 0.560701 0.149899 0.033144 0.041456
0 0.295644 0.030334 0.109848 0.060162
0 0.203125 0.136881 0.099432 0.097826
0 0.078220 0.081143 0.127652 0.126390
0 0.388447 0.067492 0.037500 0.085945
0 0.434280 0.019590 0.068182 0.038675
