0 0.174716 0.600986 0.122538 0.129171
0 0.136174 0.459555 0.045455 0.041962
0 0.243939 0.448812 0.076515 0.054853
0 0.223580 0.281471 0.066477 0.093782
0 0.092330 0.365647 0.140720 0.185794
0 0.416098 0.146234 0.062121 0.116532
0 0.346970 0.062563 0.091667 0.124621
0 0.206345 0.124747 0.064962 0.089737
0 0.047348 0.144085 0.083712 0.093023
0 0.577083 0.377781 0.076136 0.095804
0 0.643087 0.444388 0.064962 0.077351
0 0.775379 0.409505 0.069697 0.062184
0 0.883523 0.091127 0.107955 0.181749
0 0.327367 0.700455 0.178977 0.141052
0 0.417235 0.466759 0.107955 0.170627
0 0.502746 0.533999 0.104735 0.133721
0 0.553504 0.656598 0.181250 0.119060
0 0.539015 0.780839 0.050000 0.072801
0 0.259943 0.888903 0.136553 0.124115
0 0.090625 0.928463 0.103598 0.143074
0 0.164489 0.864257 0.060038 0.039434
0 0.219034 0.683771 0.051705 0.049545
0 0.344886 0.609833 0.138258 0.072548
0 0.643561 0.926820 0.036742 0.061426
0 0.611080 0.834808 0.046780 0.063448
0 0.703314 0.895981 0.103977 0.129676
0 0.692898 0.609328 0.046023 0.038170
0 0.839962 0.529954 0.018561 0.032103
0 0.802273 0.665824 0.082576 0.092012
0 0.481345 0.293605 0.088826 0.153438
0 0.622348 0.259985 0.087121 0.089232
0 0.931439 0.382836 0.080682 0.082154
0 0.913920 0.469666 0.117992 0.049545
0 0.956913 0.688574 0.078220 0.116279
0 0.427557 0.902174 0.153598 0.195652
