0 0.700284 0.875632 0.046402 0.139029
0 0.778504 0.843908 0.102462 0.140799
0 0.845644 0.629171 0.056818 0.113751
0 0.927367 0.743301 0.131250 0.054348
0 0.894318 0.590243 0.034470 0.074823
0 0.822727 0.126517 0.073485 0.125126
0 0.925189 0.061426 0.138258 0.122346
0 0.959470 0.162538 0.081061 0.046512
0 0.771970 0.269590 0.110606 0.111476
0 0.437311 0.391304 0.100758 0.151668
0 0.495928 0.149646 0.137311 0.058645
0 0.514773 0.105915 0.043939 0.044995
0 0.460795 0.052199 0.086742 0.103893
0 0.517519 0.235212 0.089962 0.094287
0 0.599148 0.142063 0.064583 0.070273
0 0.650379 0.251011 0.034470 0.084429
0 0.295170 0.309656 0.087689 0.079879
0 0.364962 0.361855 0.084470 0.106421
0 0.370739 0.215622 0.076326 0.185035
0 0.254356 0.453994 0.050000 0.117290
0 0.335227 0.562690 0.085985 0.159757
0 0.471402 0.508342 0.113258 0.078868
0 0.519034 0.625000 0.074053 0.121082
0 0.625758 0.601997 0.071591 0.132710
0 0.743939 0.585566 0.028030 0.116026
0 0.711458 0.527048 0.090341 0.101112
0 0.568466 0.360212 0.074053 0.084429
0 0.628504 0.412032 0.089962 0.110212
0 0.067235 0.512639 0.051136 0.064206
0 0.124527 0.396360 0.052841 0.054601
0 0.149716 0.161400 0.077462 0.116532
0 0.134186 0.063448 0.077462 0.041456
0 0.257292 0.028943 0.084280 0.057381
0 0.281913 0.922902 0.051705 0.093023
0 0.140246 0.923155 0.046402 0.062690
0 0.066383 0.850101 0.071780 0.171891
0 0.117045 0.838347 0.031818 0.057381
0 0.037595 0.770349 0.064205 0.103893
0 0.456629 0.883089 0.054167 0.048281
0 0.492708 0.961072 0.070644 0.077856
0 0.512405 0.847826 0.035795 0.062690
0 0.420265 0.708291 0.096970 0.096057
0 0.560985 0.753413 0.073485 0.094287
0 0.800284 0.626138 0.057386 0.081395
0 0.265720 0.581648 0.057955 0.059656
0 0.201894 0.611729 0.052652 0.059656
0 0.133996 0.574823 0.028977 0.135996
0 0.409754 0.563448 0.070265 0.141052
