0 0.643182 0.244944 0.146212 0.134479
0 0.840814 0.208165 0.123295 0.147877
0 0.942708 0.203741 0.085417 0.144590
0 0.897064 0.375000 0.072917 0.088220
0 0.822064 0.453615 0.064205 0.091254
0 0.722348 0.395475 0.048485 0.077604
0 0.711648 0.542088 0.145644 0.107937
0 0.540057 0.527048 0.085038 0.110212
0 0.460985 0.428842 0.093182 0.167594
0 0.431629 0.595930 0.150379 0.181244
0 0.363636 0.735086 0.087879 0.178969
0 0.321591 0.634606 0.064015 0.071537
0 0.302083 0.688953 0.045076 0.061931
0 0.237121 0.563827 0.131439 0.090243
0 0.199527 0.677326 0.135038 0.171132
0 0.044508 0.360971 0.088636 0.174419
0 0.629167 0.862614 0.063636 0.102882
0 0.737784 0.808519 0.072917 0.061426
0 0.838920 0.954373 0.103598 0.089232
0 0.304072 0.890925 0.229735 0.215116
0 0.524242 0.735971 0.071212 0.088220
0 0.596591 0.689965 0.065152 0.113498
0 0.381629 0.266431 0.093939 0.101112
0 0.512595 0.166962 0.080871 0.089232
0 0.262879 0.247346 0.075758 0.077098
