0 0.453977 0.578109 0.074242 0.129424
0 0.520833 0.690976 0.090152 0.121082
0 0.628409 0.412791 0.127273 0.126896
0 0.815246 0.619818 0.060795 0.092518
0 0.887311 0.547396 0.074621 0.103893
0 0.943561 0.349216 0.082197 0.133215
0 0.838542 0.339737 0.114962 0.068251
0 0.793371 0.116153 0.056818 0.121082
0 0.138447 0.076593 0.117803 0.145096
0 0.244034 0.118049 0.130871 0.135996
0 0.286174 0.031598 0.108333 0.062690
0 0.396970 0.052326 0.091667 0.097068
0 0.200663 0.777300 0.111553 0.152679
0 0.256534 0.727376 0.058902 0.063448
0 0.355682 0.932508 0.075000 0.091001
0 0.337027 0.823686 0.130492 0.122599
0 0.427557 0.767189 0.123674 0.176441
0 0.496117 0.931244 0.040720 0.051567
0 0.598011 0.887639 0.051326 0.049292
0 0.322254 0.382331 0.179735 0.148888
0 0.501231 0.321284 0.098674 0.092518
0 0.730398 0.567872 0.083902 0.105915
0 0.734754 0.979272 0.058902 0.031850
0 0.755966 0.857811 0.105114 0.071537
0 0.784659 0.799166 0.049242 0.054348
0 0.692140 0.720804 0.124053 0.095804
0 0.197443 0.881699 0.102083 0.076340
0 0.080777 0.943251 0.107008 0.113498
0 0.019508 0.543478 0.038636 0.196158
0 0.925947 0.729778 0.081818 0.156724
0 0.428220 0.166330 0.081439 0.077351
0 0.523674 0.223205 0.064394 0.110212
0 0.542803 0.791709 0.101136 0.075834
0 0.906061 0.913675 0.031439 0.054348
0 0.837027 0.959176 0.052083 0.081648
0 0.973580 0.524520 0.034280 0.057128
0 0.111648 0.482432 0.052083 0.039181
