0 0.305966 0.804474 0.144508 0.179221
0 0.262027 0.893832 0.057765 0.085440
0 0.369223 0.728387 0.054356 0.049798
0 0.567614 0.870071 0.125758 0.121840
0 0.505492 0.767947 0.059848 0.080890
0 0.484564 0.855410 0.051705 0.071790
0 0.432576 0.921385 0.062879 0.137513
0 0.490625 0.959681 0.058523 0.080637
0 0.355303 0.968023 0.089394 0.063953
0 0.618845 0.928589 0.099053 0.106926
0 0.712784 0.850480 0.092992 0.120576
0 0.792803 0.944135 0.085985 0.083923
0 0.958996 0.852250 0.082008 0.105915
0 0.905303 0.752275 0.075379 0.083923
0 0.291951 0.596183 0.089205 0.225733
0 0.192614 0.552578 0.097727 0.085440
0 0.187500 0.656218 0.094697 0.105662
0 0.316951 0.312184 0.090720 0.150657
0 0.428409 0.424419 0.113258 0.117796
0 0.411174 0.253033 0.085606 0.147118
0 0.508428 0.294110 0.086553 0.140799
0 0.597822 0.250379 0.083523 0.144338
0 0.723674 0.278564 0.126136 0.108696
0 0.758333 0.366532 0.067045 0.054601
0 0.575852 0.435035 0.055114 0.093023
0 0.643182 0.531724 0.125379 0.192366
0 0.776894 0.479272 0.121591 0.120324
0 0.865814 0.434530 0.081250 0.112235
0 0.848769 0.333418 0.072917 0.095551
0 0.745265 0.585313 0.071212 0.089232
0 0.598958 0.698559 0.064205 0.059403
0 0.558712 0.776036 0.051515 0.066229
0 0.493371 0.541835 0.123106 0.116026
0 0.502652 0.629297 0.045076 0.057381
0 0.694697 0.183771 0.063636 0.071284
0 0.654924 0.110212 0.040530 0.061678
0 0.900379 0.202477 0.055303 0.089484
0 0.808049 0.195652 0.025568 0.050556
0 0.291193 0.148761 0.053220 0.042214
0 0.377746 0.130814 0.095644 0.086198
0 0.331818 0.198938 0.075758 0.073812
0 0.365909 0.022118 0.048864 0.042214
0 0.269697 0.046385 0.044697 0.037159
0 0.099242 0.171764 0.047727 0.046764
0 0.168087 0.209429 0.120644 0.114510
0 0.195644 0.375885 0.090530 0.058140
0 0.108617 0.421764 0.057386 0.109454
0 0.095455 0.325202 0.032955 0.091759
0 0.136837 0.304601 0.042992 0.037917
0 0.740057 0.675051 0.092614 0.101871
0 0.821686 0.713726 0.060795 0.111982
0 0.796496 0.831143 0.034280 0.036906
0 0.828883 0.802958 0.070265 0.069009
0 0.764205 0.764914 0.064394 0.078362
0 0.934186 0.607685 0.085795 0.156724
0 0.834564 0.593908 0.090341 0.119060
