0 0.126420 0.682508 0.148295 0.083418
0 0.243182 0.410010 0.125000 0.110718
0 0.286932 0.527300 0.108333 0.095551
0 0.784943 0.566860 0.142992 0.190849
0 0.049337 0.131951 0.067614 0.034378
0 0.118277 0.083291 0.058902 0.103893
0 0.152936 0.227123 0.103977 0.114004
0 0.425568 0.216127 0.144697 0.208291
0 0.337879 0.337209 0.112879 0.116785
0 0.555966 0.271234 0.128977 0.225986
0 0.476515 0.078741 0.258712 0.149393
0 0.670360 0.104272 0.144129 0.208038
0 0.851515 0.479778 0.068939 0.084429
0 0.779735 0.455763 0.035985 0.059151
0 0.835322 0.742922 0.040720 0.052578
0 0.397348 0.719287 0.101894 0.099848
0 0.501231 0.675683 0.072917 0.106673
0 0.679640 0.667720 0.091098 0.207533
0 0.812216 0.115015 0.180492 0.226491
0 0.916383 0.204879 0.052841 0.073559
0 0.802462 0.242796 0.037121 0.055865
0 0.074905 0.389029 0.117235 0.060162
