0 0.789205 0.736476 0.126515 0.182760
0 0.851705 0.656724 0.045076 0.051062
0 0.777273 0.618680 0.036742 0.053842
0 0.116667 0.857558 0.126515 0.064459
0 0.231913 0.570020 0.124811 0.131951
0 0.528125 0.535642 0.122538 0.107179
0 0.548201 0.406218 0.129735 0.152679
0 0.398295 0.318251 0.126515 0.091001
0 0.335038 0.493933 0.153030 0.170880
0 0.419508 0.425051 0.119697 0.111982
0 0.392898 0.152679 0.287311 0.294237
0 0.653409 0.169110 0.216667 0.336704
0 0.757955 0.291709 0.119697 0.196663
0 0.868750 0.103261 0.168561 0.206016
0 0.874621 0.326845 0.125758 0.159757
0 0.069508 0.279323 0.138636 0.124874
0 0.189583 0.085945 0.095833 0.117796
0 0.160038 0.394211 0.107576 0.080131
0 0.373674 0.871461 0.075758 0.093782
0 0.674337 0.785768 0.078977 0.113498
0 0.278030 0.692872 0.059091 0.082912
