0 0.510133 0.113119 0.129356 0.192366
0 0.587121 0.048028 0.068939 0.095551
0 0.645739 0.162917 0.027462 0.031598
0 0.509375 0.222321 0.040720 0.044237
0 0.440625 0.162159 0.026705 0.038675
0 0.762784 0.310288 0.127841 0.087715
0 0.736364 0.426694 0.112879 0.156218
0 0.835133 0.405713 0.068371 0.103134
0 0.918371 0.383974 0.106818 0.119818
0 0.883712 0.514156 0.111742 0.094034
0 0.933049 0.781977 0.091856 0.149899
0 0.920360 0.988751 0.049432 0.022497
0 0.966951 0.899141 0.066098 0.099596
0 0.097822 0.922523 0.108902 0.154954
0 0.021591 0.749242 0.042803 0.194641
0 0.020739 0.581395 0.041098 0.067745
0 0.175663 0.872346 0.085795 0.110718
0 0.146875 0.749242 0.111932 0.119312
0 0.246591 0.761628 0.077652 0.083923
0 0.335038 0.764282 0.107955 0.164560
0 0.321780 0.927073 0.087879 0.145854
0 0.590530 0.942872 0.113636 0.114257
0 0.762784 0.898635 0.097917 0.109707
0 0.625947 0.843276 0.045076 0.065723
0 0.417708 0.982179 0.083902 0.035642
0 0.449716 0.788802 0.145644 0.307128
0 0.578598 0.737108 0.131818 0.182508
0 0.650000 0.569262 0.121212 0.184530
0 0.624621 0.449065 0.051136 0.062437
0 0.520170 0.503918 0.135795 0.247472
0 0.399337 0.530460 0.110038 0.198433
0 0.282670 0.523888 0.125568 0.089232
0 0.262121 0.381067 0.118561 0.208038
0 0.374148 0.305233 0.093371 0.070526
0 0.172064 0.462336 0.073674 0.127401
0 0.142519 0.568504 0.104735 0.060162
0 0.023011 0.460566 0.028598 0.040445
0 0.729735 0.749494 0.163258 0.174924
0 0.857481 0.740394 0.067235 0.076845
0 0.842424 0.877781 0.057955 0.098837
0 0.917803 0.643832 0.146591 0.127907
0 0.784564 0.589484 0.121402 0.142063
0 0.980777 0.510617 0.035038 0.042467
0 0.941856 0.276416 0.069318 0.075076
0 0.981061 0.161274 0.037879 0.071790
0 0.224337 0.079247 0.050568 0.039687
0 0.296496 0.100228 0.024432 0.063448
0 0.293277 0.213726 0.075189 0.032103
0 0.120549 0.065217 0.045265 0.123357
0 0.178409 0.127401 0.042045 0.051062
0 0.186742 0.296764 0.054167 0.096562
