1 0.074811 0.226744 0.115152 0.122851
1 0.099811 0.316608 0.089394 0.107432
1 0.072254 0.476365 0.138447 0.175683
1 0.045644 0.602755 0.088258 0.107937
1 0.148201 0.636754 0.053598 0.061173
1 0.027367 0.727376 0.054356 0.087715
1 0.196591 0.405460 0.084091 0.160263
1 0.231250 0.240268 0.058712 0.099848
1 0.187027 0.299292 0.079356 0.065217
1 0.203314 0.205384 0.058523 0.083165
1 0.137405 0.151036 0.029356 0.031598
1 0.184091 0.120576 0.057955 0.088473
1 0.217614 0.543984 0.061364 0.075834
1 0.237689 0.627528 0.050379 0.074570
1 0.205208 0.681117 0.036553 0.063953
1 0.173295 0.827477 0.097348 0.172649
1 0.090057 0.872851 0.077841 0.113751
1 0.052273 0.934530 0.053409 0.088473
1 0.026515 0.164813 0.048864 0.152174
1 0.062405 0.062310 0.082765 0.099848
1 0.123390 0.055233 0.059280 0.090748
0 0.339962 0.648888 0.050000 0.059656
0 0.297822 0.665319 0.027083 0.041962
0 0.282860 0.797649 0.027841 0.063448
0 0.323580 0.837083 0.066477 0.081143
0 0.294508 0.922144 0.035227 0.058140
0 0.333996 0.921764 0.029735 0.076087
0 0.347822 0.987235 0.030492 0.025531
0 0.383144 0.943251 0.026894 0.033620
0 0.415152 0.975480 0.046212 0.049039
0 0.414773 0.877654 0.035606 0.055612
0 0.451326 0.933140 0.049242 0.084681
0 0.486174 0.718529 0.062879 0.102376
0 0.486269 0.800556 0.034659 0.048028
0 0.471023 0.859960 0.061742 0.057128
0 0.495076 0.923660 0.038636 0.058645
0 0.518371 0.978387 0.079545 0.043225
0 0.586837 0.951213 0.047538 0.083418
0 0.844697 0.974848 0.081061 0.050303
0 0.782765 0.940597 0.034470 0.035389
0 0.720739 0.810541 0.046780 0.071031
0 0.767898 0.862614 0.048295 0.071031
0 0.694886 0.976997 0.053030 0.046006
0 0.960511 0.936299 0.073295 0.081901
0 0.925568 0.758089 0.038258 0.050051
0 0.968087 0.726491 0.047538 0.143074
0 0.909943 0.836325 0.060038 0.034631
0 0.848201 0.894590 0.077841 0.092012
0 0.578125 0.678210 0.033902 0.048534
0 0.556061 0.842265 0.055303 0.120324
0 0.619129 0.879550 0.057197 0.056370
0 0.851894 0.605030 0.039015 0.024520
0 0.903504 0.546638 0.098674 0.044742
0 0.979830 0.601871 0.030492 0.093529
0 0.651705 0.367417 0.057197 0.064965
0 0.704735 0.385111 0.044697 0.052831
0 0.744223 0.422776 0.047917 0.053842
0 0.421307 0.654575 0.054735 0.088220
0 0.369981 0.536400 0.023295 0.054095
0 0.288163 0.532356 0.047159 0.057634
0 0.279072 0.306117 0.047538 0.065723
0 0.426610 0.263650 0.041477 0.036400
0 0.410133 0.422017 0.057765 0.062942
0 0.490720 0.292720 0.035606 0.073306
0 0.479640 0.133721 0.043750 0.060162
0 0.581155 0.103640 0.050947 0.126390
0 0.604167 0.265672 0.057197 0.071284
0 0.586269 0.340748 0.020644 0.023761
0 0.503504 0.457154 0.027841 0.041203
0 0.507670 0.564333 0.050189 0.048787
0 0.432670 0.549039 0.066098 0.114762
0 0.569318 0.488372 0.038636 0.017695
0 0.635133 0.524772 0.054356 0.064712
0 0.730682 0.883595 0.032955 0.054348
0 0.678977 0.876138 0.058333 0.072801
0 0.644886 0.783999 0.040909 0.114004
0 0.682765 0.827477 0.026136 0.030586
0 0.700095 0.694894 0.040341 0.111223
0 0.648958 0.621208 0.050189 0.114004
0 0.681061 0.566355 0.029545 0.030586
0 0.690909 0.530966 0.021970 0.026542
0 0.737879 0.543857 0.051515 0.049798
0 0.777273 0.469793 0.075758 0.038170
0 0.490530 0.648888 0.067045 0.039939
0 0.653409 0.193251 0.042803 0.038170
0 0.704451 0.234707 0.047917 0.045753
0 0.907481 0.029070 0.033523 0.035389
0 0.816288 0.405586 0.019318 0.030081
0 0.891761 0.417088 0.017992 0.051062
0 0.918182 0.472700 0.025758 0.057128
0 0.973958 0.501517 0.010795 0.025278
0 0.605492 0.609580 0.031439 0.039181
0 0.578030 0.564712 0.012121 0.028817
0 0.699527 0.297649 0.042235 0.018959
0 0.553030 0.434530 0.020076 0.036400
0 0.417045 0.147877 0.024621 0.022750
0 0.962405 0.203868 0.028220 0.057887
