0 0.938731 0.338220 0.122538 0.217391
0 0.961458 0.662159 0.077083 0.291962
0 0.607292 0.422144 0.112311 0.153691
0 0.688068 0.233948 0.122348 0.171132
0 0.744697 0.072169 0.134848 0.143832
0 0.805966 0.224469 0.122917 0.243680
0 0.563163 0.151921 0.049811 0.094034
0 0.120455 0.083544 0.151136 0.146866
0 0.113447 0.228640 0.087879 0.089232
0 0.144413 0.397624 0.066856 0.074823
0 0.235606 0.289560 0.087879 0.097321
0 0.248201 0.177831 0.079356 0.122093
0 0.329451 0.283620 0.074811 0.068251
0 0.444697 0.331269 0.077273 0.128160
0 0.511080 0.218782 0.041098 0.104398
0 0.323201 0.087715 0.109280 0.151668
0 0.420644 0.150531 0.120455 0.081648
0 0.478504 0.039687 0.089583 0.076340
0 0.364489 0.447295 0.091098 0.172649
0 0.244602 0.479778 0.135795 0.102123
0 0.298011 0.603387 0.236932 0.132457
0 0.310890 0.711198 0.092614 0.122093
0 0.075758 0.514156 0.147727 0.079373
0 0.055208 0.600101 0.102083 0.084934
0 0.118845 0.676567 0.127841 0.163549
0 0.073201 0.866658 0.136174 0.215622
0 0.452652 0.641557 0.046591 0.165824
0 0.468371 0.500885 0.113636 0.195905
0 0.517898 0.763777 0.080114 0.117037
0 0.520644 0.870450 0.056818 0.094287
0 0.260701 0.969034 0.078598 0.061931
0 0.309091 0.870703 0.106439 0.161021
0 0.666761 0.658873 0.060795 0.166582
0 0.679545 0.780586 0.043561 0.076340
0 0.578598 0.804853 0.043561 0.085945
0 0.610227 0.927199 0.093182 0.145602
0 0.666193 0.905839 0.051705 0.124621
0 0.729167 0.951340 0.071970 0.095804
0 0.807670 0.915698 0.028220 0.048787
0 0.871023 0.941229 0.034091 0.077604
0 0.799432 0.823938 0.060606 0.074065
0 0.728409 0.816102 0.067045 0.064459
0 0.723485 0.686047 0.049621 0.146613
0 0.848011 0.481294 0.063068 0.109707
0 0.712121 0.490394 0.061742 0.078868
0 0.753598 0.551946 0.028409 0.049292
0 0.693939 0.426188 0.054924 0.043984
0 0.721212 0.373104 0.051136 0.091001
0 0.776136 0.423787 0.048485 0.069515
0 0.529072 0.651542 0.075947 0.109454
0 0.568845 0.590622 0.052083 0.057381
0 0.616098 0.650152 0.048106 0.107179
0 0.581913 0.691860 0.028977 0.080890
0 0.399811 0.826593 0.082576 0.108190
0 0.459280 0.767695 0.046212 0.080890
0 0.397254 0.727503 0.068750 0.071284
0 0.420928 0.952983 0.077083 0.076340
0 0.458807 0.868301 0.052462 0.088979
0 0.490720 0.938827 0.045455 0.038928
0 0.527746 0.959555 0.058523 0.080890
0 0.328883 0.973205 0.050189 0.053589
0 0.168750 0.923028 0.030303 0.044742
0 0.234564 0.796638 0.032386 0.094793
0 0.245928 0.695020 0.046023 0.057381
0 0.245928 0.384606 0.058902 0.047776
0 0.968087 0.098964 0.063826 0.197422
0 0.906250 0.152932 0.065909 0.087462
0 0.590341 0.104651 0.051515 0.078868
0 0.503598 0.104651 0.060606 0.063701
