0 0.409091 0.926820 0.139015 0.146360
0 0.269318 0.966507 0.080303 0.066987
0 0.235701 0.882583 0.097159 0.099848
0 0.068087 0.157482 0.098674 0.092518
0 0.098295 0.243175 0.083333 0.076340
0 0.151136 0.073938 0.088258 0.101871
0 0.238731 0.072295 0.086932 0.128413
0 0.177462 0.395475 0.087121 0.096309
0 0.216856 0.241279 0.064015 0.045753
0 0.416098 0.383468 0.057197 0.167846
0 0.478788 0.419489 0.062500 0.171132
0 0.563731 0.401795 0.095644 0.140799
0 0.690530 0.776036 0.108712 0.167846
0 0.893655 0.875506 0.060417 0.090243
0 0.927557 0.970551 0.044508 0.058898
0 0.636174 0.952856 0.085606 0.094287
0 0.790814 0.830384 0.096023 0.159252
0 0.923958 0.362740 0.122917 0.178969
0 0.872443 0.225607 0.134280 0.089737
0 0.823485 0.026795 0.047727 0.053084
0 0.699432 0.060035 0.091667 0.119565
0 0.536174 0.085061 0.176515 0.080637
0 0.473674 0.225354 0.070076 0.116026
0 0.397822 0.078109 0.082765 0.155713
0 0.312689 0.201213 0.030303 0.084934
0 0.382576 0.239636 0.068561 0.132963
0 0.311080 0.351239 0.054356 0.107432
0 0.216004 0.507963 0.073674 0.116532
0 0.241761 0.607179 0.064962 0.111729
0 0.258712 0.726365 0.062500 0.037159
0 0.423295 0.614889 0.088636 0.214611
0 0.457386 0.746208 0.052652 0.094034
0 0.526136 0.719540 0.082955 0.173155
0 0.532670 0.569515 0.122159 0.141052
0 0.604261 0.265925 0.067614 0.092012
0 0.668939 0.472952 0.077652 0.177958
0 0.749148 0.472447 0.070644 0.107179
0 0.768466 0.584302 0.047917 0.073559
0 0.744886 0.665192 0.044318 0.062437
0 0.833523 0.578362 0.074242 0.124368
0 0.830777 0.723332 0.058902 0.062437
0 0.916761 0.744060 0.097159 0.096309
0 0.976989 0.539687 0.046023 0.123357
0 0.116477 0.847068 0.081061 0.080890
0 0.551610 0.879297 0.054356 0.046259
0 0.449905 0.836072 0.121780 0.080131
0 0.341951 0.530839 0.033144 0.035389
0 0.031629 0.485844 0.057955 0.105157
0 0.121496 0.547649 0.063447 0.064965
0 0.506250 0.021866 0.075000 0.043225
0 0.634848 0.029702 0.053030 0.048787
0 0.173485 0.319641 0.032576 0.055865
0 0.691193 0.600228 0.028220 0.066481
0 0.616856 0.685415 0.084848 0.086704
0 0.635417 0.623231 0.051136 0.038675
