0 0.464299 0.579879 0.052462 0.062184
0 0.483049 0.647118 0.036553 0.059656
0 0.410795 0.612108 0.047727 0.060920
0 0.439394 0.704247 0.033712 0.036400
0 0.289205 0.708544 0.104924 0.129929
0 0.188826 0.686426 0.081818 0.169616
0 0.563636 0.219666 0.103788 0.095551
0 0.115341 0.053969 0.120455 0.107432
0 0.795170 0.500632 0.052841 0.049292
0 0.722159 0.412159 0.082576 0.098837
0 0.905303 0.414055 0.082197 0.113246
0 0.942330 0.239130 0.108144 0.186047
0 0.631534 0.041835 0.080492 0.081143
0 0.579261 0.106421 0.092235 0.088473
0 0.521970 0.037538 0.093561 0.074570
0 0.477936 0.158493 0.068371 0.126896
0 0.510133 0.355157 0.089962 0.156218
0 0.404261 0.423787 0.118371 0.115521
0 0.423674 0.303842 0.088258 0.106168
0 0.040341 0.166203 0.038636 0.056370
0 0.256723 0.320779 0.106250 0.082912
0 0.207576 0.506699 0.113258 0.102882
0 0.342140 0.519464 0.074811 0.083923
0 0.612689 0.739257 0.037500 0.049798
0 0.577936 0.585061 0.042992 0.039181
0 0.883617 0.545627 0.055114 0.053337
0 0.255966 0.927958 0.023295 0.049545
0 0.030208 0.684403 0.060038 0.161021
0 0.715341 0.233822 0.048106 0.054601
0 0.918466 0.030839 0.110038 0.050051
0 0.020739 0.808898 0.041098 0.067240
0 0.417235 0.039813 0.082197 0.066481
0 0.297064 0.554221 0.039205 0.103893
0 0.167424 0.404702 0.072348 0.096562
0 0.112121 0.451466 0.069318 0.070779
0 0.041004 0.382204 0.075189 0.101112
0 0.017045 0.319262 0.028409 0.042973
