0 0.551515 0.763397 0.082197 0.115774
0 0.561742 0.667341 0.046970 0.034378
0 0.802083 0.854525 0.050758 0.047270
0 0.702178 0.816102 0.077462 0.103893
0 0.697917 0.699949 0.128409 0.128413
0 0.882670 0.906218 0.102462 0.101112
0 0.778883 0.988372 0.040720 0.023256
0 0.575379 0.983443 0.096970 0.033114
0 0.336553 0.953615 0.191288 0.092770
0 0.464015 0.844540 0.047727 0.051062
0 0.364962 0.813701 0.139394 0.163296
0 0.420455 0.597826 0.270076 0.144590
0 0.427178 0.408241 0.222159 0.225986
0 0.490436 0.210440 0.052083 0.197422
0 0.603788 0.392947 0.100758 0.070526
0 0.627178 0.508721 0.033144 0.088220
0 0.713258 0.517947 0.111742 0.158241
0 0.766856 0.413043 0.139015 0.079373
0 0.725379 0.271613 0.126894 0.153943
0 0.822064 0.158367 0.058523 0.102882
0 0.724527 0.057255 0.054356 0.081143
0 0.908712 0.039307 0.182576 0.075076
0 0.901610 0.206016 0.073295 0.110718
0 0.848011 0.319515 0.087311 0.109707
0 0.910133 0.389282 0.067992 0.075834
0 0.958239 0.295501 0.083523 0.084429
0 0.913068 0.476365 0.110227 0.073559
0 0.865341 0.617164 0.095455 0.187310
0 0.846402 0.755940 0.063636 0.060920
0 0.207292 0.517063 0.033523 0.080131
0 0.186553 0.625126 0.101894 0.116785
0 0.073390 0.749494 0.046023 0.057634
0 0.111269 0.827224 0.082008 0.043731
0 0.066098 0.914939 0.020833 0.047776
0 0.208902 0.885364 0.015909 0.028564
0 0.099716 0.435035 0.061174 0.066229
0 0.017330 0.292467 0.034280 0.118301
0 0.159754 0.045121 0.046023 0.055865
0 0.123864 0.152679 0.131439 0.117290
0 0.283428 0.287412 0.061553 0.138018
0 0.365814 0.233696 0.060038 0.047776
0 0.305492 0.161527 0.055303 0.049039
0 0.167992 0.390925 0.018182 0.038675
0 0.273864 0.500506 0.045076 0.109201
0 0.266951 0.595046 0.041856 0.032861
0 0.584754 0.588600 0.016477 0.027553
0 0.641098 0.039560 0.028788 0.062437
0 0.635038 0.186047 0.056439 0.114257
0 0.541761 0.158746 0.060417 0.083418
0 0.543087 0.272371 0.055871 0.037664
0 0.942898 0.989257 0.032008 0.021486
0 0.582386 0.898635 0.051515 0.136502
0 0.531155 0.903185 0.049811 0.078868
