0 0.907102 0.579373 0.109280 0.134479
0 0.790246 0.543352 0.122917 0.149393
0 0.908239 0.910768 0.080114 0.137513
0 0.660322 0.791330 0.065341 0.106421
0 0.595549 0.540192 0.080114 0.104146
0 0.794697 0.253792 0.082576 0.124368
0 0.416667 0.920374 0.037500 0.052578
0 0.669602 0.935794 0.091856 0.128413
0 0.742803 0.898382 0.082197 0.154702
0 0.835701 0.812816 0.085795 0.052831
0 0.224716 0.920248 0.058902 0.071537
0 0.355587 0.759353 0.066098 0.106168
0 0.418655 0.466507 0.079356 0.119565
0 0.366951 0.371335 0.083902 0.081901
0 0.302841 0.315091 0.062121 0.053337
0 0.503314 0.212083 0.097917 0.146107
0 0.601420 0.264282 0.079735 0.072042
0 0.689678 0.357558 0.152462 0.144843
0 0.164015 0.150278 0.118939 0.096815
0 0.255871 0.071790 0.095455 0.143074
0 0.382670 0.078109 0.073295 0.117290
0 0.373958 0.213220 0.150947 0.146360
0 0.244413 0.434530 0.093371 0.094034
0 0.287121 0.544489 0.088636 0.122851
0 0.369981 0.614130 0.073674 0.105915
0 0.526231 0.707912 0.142235 0.129171
0 0.641288 0.690723 0.055682 0.048281
0 0.493087 0.918478 0.042992 0.163043
0 0.163447 0.655839 0.125758 0.220677
0 0.153977 0.473964 0.101136 0.074317
0 0.093466 0.279323 0.118750 0.187058
0 0.053409 0.083291 0.098485 0.074570
0 0.515057 0.338220 0.035038 0.051062
0 0.882765 0.230662 0.050000 0.029575
0 0.872822 0.378286 0.121402 0.088220
0 0.784848 0.370956 0.025758 0.039181
0 0.718087 0.659378 0.072917 0.142821
0 0.434375 0.559024 0.047159 0.060920
0 0.561080 0.853008 0.040720 0.086198
0 0.616667 0.808898 0.032955 0.073306
0 0.270549 0.778185 0.031250 0.049292
0 0.283712 0.871587 0.053409 0.075329
0 0.039015 0.856800 0.038636 0.043731
0 0.083428 0.946663 0.055492 0.057634
0 0.011742 0.631067 0.023106 0.089737
0 0.015152 0.562816 0.025379 0.017947
0 0.014962 0.296006 0.029545 0.061173
0 0.223106 0.254676 0.033712 0.054348
0 0.198295 0.364510 0.038636 0.042467
0 0.126894 0.414560 0.078030 0.044489
0 0.961648 0.129044 0.052462 0.077098
0 0.859659 0.045880 0.094318 0.091254
0 0.546875 0.069641 0.107386 0.086704
0 0.650379 0.076593 0.048485 0.039434
0 0.735417 0.138145 0.058333 0.074570
