0 0.835795 0.048281 0.071212 0.096057
0 0.767898 0.241279 0.047917 0.061426
0 0.776610 0.330384 0.055492 0.092012
0 0.808996 0.535010 0.072917 0.083165
0 0.857481 0.477376 0.078598 0.127149
0 0.944981 0.542467 0.057765 0.079373
0 0.966951 0.631193 0.045265 0.059656
0 0.836648 0.682002 0.020265 0.030839
0 0.814773 0.724343 0.079924 0.068504
0 0.958239 0.311299 0.070265 0.111476
0 0.879167 0.326593 0.082197 0.069767
0 0.869223 0.243049 0.068750 0.108443
0 0.951515 0.047649 0.056818 0.085187
0 0.918939 0.169110 0.027652 0.075329
0 0.986364 0.185415 0.021212 0.040192
0 0.089299 0.072674 0.103598 0.144843
0 0.084848 0.348332 0.053030 0.134985
0 0.096212 0.214105 0.100758 0.126896
0 0.197064 0.056623 0.114962 0.112740
0 0.440530 0.127528 0.137121 0.154954
0 0.269886 0.625379 0.085985 0.156724
0 0.173106 0.760743 0.090152 0.112993
0 0.191761 0.887133 0.074811 0.120071
0 0.234280 0.981041 0.032197 0.037917
0 0.273106 0.896866 0.060985 0.126390
0 0.377557 0.912917 0.130871 0.174166
0 0.417614 0.763397 0.116667 0.176946
0 0.507292 0.712715 0.095644 0.198433
0 0.583617 0.757331 0.060417 0.086451
0 0.414678 0.589990 0.046780 0.108696
0 0.350852 0.620324 0.092235 0.162791
1 0.476610 0.560794 0.070265 0.108443
0 0.430587 0.437184 0.105114 0.182760
0 0.477462 0.317745 0.059470 0.049039
0 0.222064 0.336704 0.135795 0.232558
0 0.238163 0.481294 0.081250 0.133468
1 0.333712 0.485339 0.080303 0.118301
1 0.317235 0.380308 0.048485 0.079120
0 0.363636 0.358569 0.054924 0.091254
0 0.450758 0.252149 0.039773 0.054853
0 0.534375 0.223332 0.088447 0.103893
0 0.554545 0.322927 0.064394 0.095804
0 0.365246 0.270475 0.103977 0.088473
0 0.224432 0.167088 0.142045 0.097573
0 0.336364 0.157482 0.078788 0.125885
0 0.589962 0.049671 0.098485 0.098837
0 0.366477 0.053589 0.060606 0.068756
0 0.420739 0.021739 0.102462 0.042973
0 0.294697 0.048028 0.092045 0.095551
0 0.510417 0.006572 0.049621 0.012639
0 0.872443 0.874621 0.182386 0.240647
0 0.576610 0.962715 0.085038 0.074570
0 0.661648 0.967391 0.072917 0.059151
0 0.714678 0.932002 0.063068 0.029828
0 0.761269 0.856547 0.040720 0.078615
0 0.589773 0.832533 0.040909 0.048281
0 0.497064 0.852503 0.035795 0.040192
0 0.155492 0.630056 0.056061 0.121587
0 0.067045 0.465622 0.035227 0.056623
