0 0.829356 0.548407 0.121212 0.139282
0 0.932860 0.509985 0.089205 0.138777
0 0.875000 0.702098 0.075758 0.104398
0 0.793561 0.790824 0.075758 0.104398
0 0.698295 0.740268 0.057576 0.096815
0 0.619508 0.604525 0.126515 0.140293
0 0.501326 0.863751 0.089015 0.117796
0 0.415436 0.923660 0.123674 0.136502
0 0.320739 0.959429 0.130114 0.081143
0 0.426989 0.753160 0.084659 0.152932
0 0.501326 0.490774 0.068182 0.106421
0 0.383996 0.208670 0.096402 0.095298
0 0.239773 0.278311 0.131818 0.136502
0 0.240814 0.117796 0.116098 0.184530
0 0.120265 0.224722 0.117803 0.162791
0 0.209659 0.922017 0.113636 0.138777
0 0.014867 0.710693 0.029356 0.163549
0 0.436837 0.056117 0.048674 0.062184
0 0.875189 0.050303 0.093939 0.100101
0 0.779072 0.248989 0.059659 0.153185
0 0.397348 0.353766 0.084091 0.120071
0 0.371117 0.556749 0.074432 0.089232
0 0.283144 0.507078 0.057197 0.200708
0 0.486364 0.377275 0.054545 0.089232
0 0.531155 0.165192 0.024811 0.048281
0 0.410795 0.135996 0.019318 0.031850
