0 0.327936 0.397750 0.151326 0.199949
0 0.267898 0.485844 0.072538 0.098584
0 0.390341 0.614130 0.112121 0.125126
0 0.590436 0.483316 0.103220 0.123862
0 0.657197 0.656598 0.109470 0.124621
0 0.661648 0.560288 0.133902 0.111476
0 0.199621 0.195020 0.079167 0.090748
0 0.176989 0.258089 0.096023 0.064206
0 0.141098 0.025152 0.075000 0.036148
0 0.123106 0.092139 0.050000 0.059909
0 0.124148 0.148761 0.066098 0.059403
0 0.090909 0.401542 0.051136 0.043731
0 0.139015 0.384732 0.041288 0.074823
0 0.172538 0.459934 0.042803 0.087715
0 0.175852 0.513397 0.124811 0.139029
0 0.278314 0.621208 0.088068 0.094793
0 0.264299 0.710061 0.100189 0.076845
0 0.225663 0.784505 0.054356 0.049292
0 0.224527 0.883342 0.177462 0.125632
0 0.236648 0.969161 0.066098 0.061678
0 0.025947 0.608443 0.023485 0.047017
0 0.082197 0.645602 0.095455 0.058140
0 0.131629 0.730536 0.101515 0.182508
0 0.040341 0.868933 0.049242 0.057887
0 0.102367 0.882331 0.042235 0.092770
0 0.070549 0.492922 0.074053 0.130435
0 0.568561 0.807760 0.129545 0.161021
0 0.475379 0.735844 0.129545 0.101618
0 0.418087 0.868049 0.095265 0.117796
0 0.498958 0.846562 0.061174 0.085945
0 0.546023 0.668352 0.099621 0.095551
0 0.705587 0.774267 0.092614 0.117290
0 0.764299 0.685035 0.083523 0.121840
0 0.851326 0.704499 0.066288 0.105662
0 0.866383 0.841507 0.081629 0.051062
0 0.652178 0.932381 0.110038 0.135238
0 0.485701 0.954247 0.053598 0.091507
0 0.456913 0.506320 0.071023 0.096562
0 0.518371 0.363246 0.066667 0.129929
0 0.522348 0.473332 0.064015 0.114510
0 0.550852 0.169742 0.077462 0.090748
0 0.680871 0.346562 0.067045 0.168857
0 0.805019 0.301567 0.168371 0.189080
0 0.737216 0.463094 0.094508 0.094540
0 0.656155 0.468908 0.062689 0.076845
0 0.818655 0.555612 0.088826 0.113751
0 0.921875 0.351997 0.090720 0.121082
0 0.841383 0.437942 0.101705 0.081143
0 0.927557 0.211325 0.089583 0.086451
0 0.945076 0.476871 0.109848 0.107432
0 0.883902 0.519970 0.048485 0.033367
0 0.914583 0.584555 0.098106 0.106926
0 0.866667 0.904196 0.035606 0.076340
0 0.923580 0.969666 0.032008 0.048028
0 0.748011 0.913549 0.074432 0.117796
0 0.338636 0.173028 0.113636 0.085693
0 0.323390 0.249368 0.069886 0.074570
0 0.412784 0.210945 0.067614 0.040192
0 0.392140 0.259985 0.073674 0.058898
0 0.446212 0.294110 0.036742 0.057887
0 0.488447 0.275152 0.032576 0.035137
0 0.541856 0.255182 0.068561 0.075076
0 0.445360 0.104778 0.067614 0.062437
0 0.476894 0.144717 0.054545 0.089232
0 0.615814 0.098079 0.102841 0.062184
0 0.618182 0.185162 0.044697 0.096815
0 0.659186 0.231547 0.036174 0.064206
0 0.777367 0.109580 0.053220 0.068504
0 0.801420 0.021234 0.143750 0.041962
0 0.853788 0.082027 0.057576 0.060415
0 0.832102 0.162285 0.076326 0.089484
0 0.698580 0.151289 0.043750 0.117037
0 0.746686 0.161021 0.048295 0.054601
0 0.614867 0.318377 0.052841 0.061426
0 0.590814 0.384226 0.075189 0.089990
