0 0.940340 0.257330 0.119318 0.171890
0 0.966571 0.424039 0.066856 0.165571
0 0.461174 0.538422 0.042424 0.075328
0 0.055303 0.670753 0.076515 0.109453
0 0.058617 0.744438 0.055492 0.043478
0 0.119412 0.672775 0.05625 0.083164
0 0.113636 0.741911 0.049242 0.043478
0 0.217803 0.172396 0.085606 0.092517
0 0.288541 0.147497 0.055871 0.058392
0 0.266761 0.267568 0.054356 0.091253
0 0.225 0.294236 0.028409 0.040444
0 0.289962 0.360465 0.040909 0.077350
0 0.106155 0.450834 0.050568 0.064964
0 0.045454 0.418099 0.069696 0.085439
0 0.156723 0.102881 0.056628 0.035389
0 0.085795 0.085566 0.074242 0.124620
0 0.301988 0.027679 0.046401 0.043731
0 0.278693 0.088094 0.056628 0.052831
0 0.372821 0.042972 0.029356 0.067745
0 0.692992 0.074064 0.101893 0.114762
0 0.455871 0.249494 0.071969 0.064206
0 0.457196 0.059529 0.036363 0.058392
0 0.295265 0.906344 0.070454 0.101365
0 0.247632 0.873104 0.021780 0.048533
0 0.173390 0.926693 0.042613 0.062184
0 0.110132 0.895601 0.074053 0.060667
0 0.151515 0.839737 0.041666 0.058139
0 0.045359 0.566481 0.044886 0.044489
