0 0.896117 0.863246 0.150568 0.166835
0 0.814583 0.267442 0.173485 0.146107
0 0.927367 0.282609 0.077841 0.138018
0 0.960417 0.161653 0.068182 0.062942
0 0.757481 0.163928 0.118750 0.138777
0 0.832670 0.152679 0.063447 0.075329
0 0.567519 0.939333 0.086932 0.062184
0 0.392235 0.889156 0.214394 0.158493
0 0.401894 0.769970 0.081439 0.108696
0 0.485322 0.571158 0.117235 0.150910
0 0.452936 0.402427 0.228220 0.262892
0 0.439867 0.192998 0.066098 0.086198
0 0.347727 0.204499 0.126515 0.165319
0 0.249242 0.596057 0.141288 0.150152
0 0.350758 0.614762 0.046591 0.062184
0 0.218277 0.406471 0.089583 0.138524
0 0.297822 0.377907 0.119886 0.085440
0 0.293939 0.478640 0.091667 0.099848
0 0.164962 0.165066 0.083333 0.068251
0 0.172633 0.258595 0.153977 0.142063
0 0.122159 0.062437 0.055303 0.068251
0 0.258333 0.061426 0.064394 0.122346
0 0.140720 0.770981 0.075758 0.062690
0 0.165909 0.893579 0.122348 0.131951
0 0.031155 0.626138 0.047159 0.046512
0 0.034564 0.522245 0.033902 0.058645
0 0.147064 0.429348 0.073295 0.210566
0 0.039299 0.385364 0.069508 0.104398
0 0.042803 0.120071 0.085227 0.089990
0 0.256250 0.727882 0.096212 0.094287
0 0.257860 0.967770 0.037689 0.064459
0 0.650663 0.922270 0.064962 0.129171
0 0.742898 0.956522 0.075189 0.060667
0 0.564205 0.812058 0.085606 0.080637
0 0.595455 0.687310 0.103788 0.089484
0 0.632386 0.450581 0.122348 0.164055
0 0.683239 0.590243 0.145265 0.104651
0 0.738258 0.487487 0.086364 0.106421
0 0.751326 0.667720 0.068561 0.080637
0 0.910322 0.541077 0.072159 0.104398
0 0.901515 0.425303 0.163258 0.083165
0 0.858144 0.648635 0.129545 0.069767
