3 0.923769 0.681623 0.124053 0.165571
3 0.937027 0.797270 0.059659 0.074317
0 0.906723 0.869312 0.092235 0.064712
0 0.897633 0.930612 0.141856 0.060415
0 0.793655 0.949191 0.049811 0.101618
0 0.730777 0.904828 0.092614 0.107432
0 0.675852 0.984707 0.049432 0.030586
0 0.608049 0.972826 0.072159 0.054348
0 0.831723 0.091633 0.158523 0.150404
0 0.935606 0.108316 0.063258 0.139788
0 0.789394 0.033873 0.124621 0.067240
0 0.762027 0.485086 0.089205 0.124368
0 0.850663 0.449317 0.095644 0.090243
0 0.914962 0.364130 0.079924 0.096309
0 0.840246 0.238498 0.104356 0.072042
0 0.676989 0.681117 0.092992 0.138777
0 0.568182 0.619186 0.089015 0.121587
0 0.660701 0.577856 0.053220 0.052578
0 0.599811 0.503918 0.096591 0.122093
0 0.670360 0.233822 0.080492 0.101618
0 0.729735 0.350859 0.096212 0.118301
0 0.671686 0.423787 0.097917 0.130688
0 0.590814 0.308013 0.116477 0.088726
0 0.488826 0.366911 0.081061 0.112993
0 0.511553 0.436173 0.081439 0.062942
0 0.506913 0.976618 0.052083 0.040192
0 0.420265 0.965369 0.071970 0.069262
0 0.577462 0.752907 0.086742 0.068504
0 0.642803 0.815723 0.107576 0.093023
0 0.409280 0.565723 0.070076 0.135996
0 0.489773 0.566860 0.102273 0.122093
0 0.476515 0.673281 0.082955 0.099343
0 0.463636 0.785895 0.099242 0.119312
0 0.501326 0.868049 0.081818 0.099596
0 0.366477 0.718150 0.113636 0.135490
0 0.363068 0.846183 0.147727 0.191355
0 0.295170 0.680485 0.039583 0.058140
0 0.235322 0.902679 0.068750 0.102123
0 0.235133 0.410642 0.136174 0.146360
0 0.359659 0.429221 0.044318 0.051062
0 0.282860 0.300303 0.163068 0.115268
0 0.328220 0.215622 0.063636 0.077856
0 0.397727 0.238751 0.093939 0.172649
0 0.505871 0.196790 0.113636 0.114510
0 0.449432 0.028185 0.046212 0.055865
0 0.156155 0.047017 0.100568 0.093529
0 0.182955 0.197042 0.102652 0.099848
0 0.195455 0.125000 0.058333 0.064459
0 0.061648 0.197548 0.062311 0.095804
0 0.022159 0.241153 0.043939 0.075329
0 0.163447 0.589484 0.055682 0.068251
0 0.163636 0.675177 0.124621 0.080890
0 0.152367 0.774393 0.091477 0.074570
0 0.037216 0.859454 0.041856 0.042467
0 0.129072 0.882836 0.066098 0.064459
0 0.078314 0.961072 0.060417 0.077856
0 0.273864 0.543984 0.150000 0.135490
0 0.044318 0.355915 0.035985 0.041456
0 0.171402 0.335187 0.060227 0.080384
0 0.108712 0.354272 0.032955 0.027553
