0 0.139867 0.510364 0.154356 0.108190
0 0.026420 0.837083 0.052462 0.119565
0 0.782765 0.402300 0.166667 0.171638
0 0.858144 0.315849 0.057955 0.065470
0 0.789773 0.293857 0.043182 0.069009
0 0.665720 0.872219 0.123864 0.173660
0 0.525379 0.936805 0.098485 0.126390
0 0.393087 0.894085 0.109659 0.119312
0 0.547443 0.832786 0.091098 0.133215
0 0.510795 0.509226 0.131439 0.082154
0 0.398106 0.546891 0.083333 0.096309
0 0.297348 0.368049 0.144697 0.100101
0 0.241761 0.246208 0.097159 0.103640
0 0.328220 0.166962 0.142803 0.122599
0 0.546023 0.191102 0.115530 0.110718
0 0.567519 0.074444 0.122538 0.148382
0 0.423106 0.082280 0.151894 0.164055
0 0.725000 0.025531 0.088258 0.050556
0 0.789773 0.077856 0.063258 0.093023
0 0.913258 0.052073 0.056439 0.085440
0 0.716004 0.525910 0.041477 0.060920
0 0.661742 0.550935 0.057576 0.073054
0 0.847443 0.581522 0.042992 0.053842
0 0.853125 0.518706 0.034280 0.040950
0 0.587121 0.386881 0.048106 0.057887
0 0.182955 0.109833 0.075379 0.164560
0 0.224527 0.652679 0.079356 0.066734
0 0.911932 0.682760 0.096970 0.058140
