0 0.811174 0.639408 0.164773 0.185794
0 0.906439 0.653185 0.074242 0.150657
0 0.942992 0.525910 0.076136 0.078109
0 0.736837 0.527806 0.109659 0.103134
0 0.818655 0.483696 0.066098 0.070020
0 0.843750 0.152679 0.051136 0.059656
0 0.950852 0.182255 0.073295 0.093023
0 0.677178 0.400657 0.066098 0.092012
0 0.766383 0.397371 0.079356 0.134985
0 0.766098 0.273635 0.062500 0.089737
0 0.686174 0.322422 0.094697 0.070020
0 0.575473 0.258595 0.067992 0.072801
0 0.633617 0.240015 0.054735 0.072042
0 0.544223 0.109833 0.072538 0.079626
0 0.518466 0.023256 0.053220 0.035389
0 0.214394 0.073686 0.121970 0.129676
0 0.280114 0.333544 0.164015 0.215116
0 0.398106 0.343908 0.087500 0.128160
0 0.491288 0.288802 0.037500 0.046764
0 0.466098 0.477250 0.056439 0.084934
0 0.471117 0.370197 0.046402 0.072042
0 0.307670 0.593782 0.139583 0.193124
0 0.144413 0.510870 0.072538 0.060667
0 0.097159 0.394085 0.070455 0.067240
0 0.145549 0.276668 0.066477 0.088220
0 0.187595 0.216127 0.046023 0.093023
0 0.065246 0.145854 0.130114 0.178463
0 0.396686 0.735971 0.136932 0.153943
0 0.504072 0.697042 0.080114 0.122093
0 0.439773 0.879550 0.101515 0.139788
0 0.506345 0.825202 0.071780 0.130182
0 0.506723 0.945652 0.137689 0.076340
0 0.223295 0.927958 0.134470 0.144085
0 0.299432 0.851112 0.096212 0.134479
0 0.063258 0.915824 0.119697 0.168352
0 0.886364 0.914307 0.051515 0.074823
0 0.844413 0.828236 0.084659 0.130688
0 0.756629 0.827098 0.088636 0.075834
0 0.593939 0.829247 0.064773 0.140293
0 0.672348 0.860971 0.112121 0.188574
0 0.619413 0.951340 0.055492 0.097321
0 0.776326 0.971815 0.048485 0.056370
0 0.573201 0.724848 0.058902 0.081143
0 0.682292 0.702604 0.097159 0.065470
0 0.605966 0.515040 0.032008 0.049292
0 0.566951 0.517821 0.043750 0.079120
0 0.410227 0.561805 0.058712 0.091254
0 0.365530 0.155586 0.051894 0.103387
0 0.422727 0.214990 0.105303 0.062942
0 0.503693 0.234201 0.027841 0.046259
0 0.183807 0.607937 0.080114 0.115268
0 0.169886 0.764661 0.131439 0.167341
0 0.842614 0.089737 0.031061 0.039434
0 0.957197 0.044742 0.030682 0.041962
0 0.442519 0.620829 0.034280 0.042973
