0 0.967708 0.533746 0.058902 0.074570
0 0.487973 0.668225 0.085038 0.110465
0 0.474053 0.565091 0.044697 0.103893
0 0.697538 0.431244 0.027652 0.041962
0 0.563826 0.432508 0.050000 0.067745
0 0.621212 0.379044 0.083712 0.088220
0 0.772064 0.027932 0.149811 0.055359
0 0.754072 0.083418 0.020265 0.019211
0 0.636837 0.258342 0.037311 0.050051
0 0.648201 0.561299 0.048295 0.055865
0 0.569981 0.665824 0.047917 0.087968
0 0.607670 0.523888 0.056250 0.071031
0 0.611269 0.589105 0.036553 0.056876
0 0.734470 0.560920 0.053030 0.133468
0 0.774432 0.621840 0.040909 0.039939
0 0.719318 0.660768 0.038258 0.041962
0 0.830303 0.733948 0.058712 0.051820
0 0.826515 0.838600 0.045833 0.045753
0 0.866667 0.795753 0.043939 0.071790
0 0.879640 0.933519 0.060417 0.078362
0 0.554735 0.873231 0.106439 0.065976
0 0.731818 0.839484 0.035985 0.056117
0 0.741761 0.930991 0.071023 0.062184
0 0.653788 0.906218 0.043182 0.058645
0 0.663258 0.982179 0.078788 0.035642
0 0.416572 0.984833 0.030114 0.030334
0 0.386174 0.865647 0.062500 0.059909
0 0.419508 0.809783 0.037121 0.048281
0 0.485985 0.793731 0.037879 0.020728
0 0.337405 0.778943 0.036553 0.046259
0 0.373295 0.239636 0.067803 0.111729
0 0.810227 0.280207 0.055682 0.038675
0 0.811742 0.332280 0.028788 0.040698
0 0.955777 0.238498 0.033902 0.042214
0 0.527273 0.194388 0.042803 0.079879
0 0.474621 0.310794 0.082955 0.170627
0 0.422633 0.268453 0.025568 0.036400
0 0.233617 0.256067 0.068750 0.164813
0 0.162500 0.215116 0.070076 0.086451
0 0.138636 0.394211 0.053788 0.054348
0 0.138068 0.331901 0.034470 0.053084
0 0.226799 0.472700 0.087689 0.052578
0 0.306345 0.464484 0.036932 0.078109
0 0.487405 0.474596 0.098674 0.109960
0 0.392235 0.531724 0.087879 0.109454
0 0.356155 0.606800 0.042992 0.034631
0 0.366288 0.682887 0.035985 0.078615
0 0.238731 0.581395 0.097538 0.085440
0 0.278693 0.792214 0.055492 0.150657
0 0.219886 0.710187 0.070833 0.145349
0 0.114678 0.607558 0.038826 0.090748
0 0.282197 0.907482 0.054545 0.031850
0 0.232481 0.965748 0.047159 0.068504
0 0.275189 0.658999 0.032955 0.057128
0 0.239867 0.397497 0.056250 0.058392
0 0.366761 0.344161 0.055492 0.042214
0 0.319508 0.407482 0.026515 0.024267
0 0.445170 0.201340 0.084659 0.057381
0 0.626136 0.643706 0.040530 0.040698
