0 0.499811 0.931749 0.095076 0.117290
0 0.290152 0.886881 0.096212 0.087715
0 0.402367 0.911021 0.105492 0.123357
0 0.296402 0.973332 0.098485 0.053337
0 0.162121 0.978514 0.069318 0.042973
0 0.112027 0.909378 0.090720 0.087715
0 0.209564 0.901921 0.065720 0.069262
0 0.060606 0.819388 0.093561 0.088220
0 0.100568 0.691608 0.086364 0.159757
0 0.311458 0.677831 0.072917 0.181749
0 0.734091 0.867922 0.088636 0.137260
0 0.729072 0.979525 0.068371 0.040950
0 0.625852 0.906724 0.122917 0.178969
0 0.559091 0.823812 0.067803 0.091001
0 0.404167 0.787791 0.131818 0.130688
0 0.465057 0.720172 0.104356 0.118807
0 0.393939 0.607685 0.087879 0.155207
0 0.340720 0.505435 0.135227 0.120071
0 0.290341 0.468655 0.076515 0.077351
0 0.272822 0.358190 0.102083 0.111223
0 0.360038 0.381951 0.095076 0.135490
0 0.211458 0.138145 0.041477 0.062437
0 0.161080 0.159252 0.047159 0.053589
0 0.192045 0.241785 0.113258 0.084681
0 0.284280 0.254297 0.051894 0.092518
0 0.337027 0.215116 0.060038 0.117290
0 0.388258 0.263650 0.103409 0.073812
0 0.382386 0.143453 0.095833 0.119060
0 0.949242 0.099469 0.101515 0.122599
0 0.928598 0.271107 0.107576 0.074065
0 0.896307 0.329373 0.033523 0.054601
0 0.904072 0.381699 0.101705 0.071790
0 0.826610 0.406724 0.061174 0.048534
0 0.900000 0.451972 0.092045 0.078868
0 0.979356 0.513271 0.041288 0.050809
0 0.984754 0.594666 0.030492 0.100859
0 0.901515 0.552199 0.078030 0.066987
0 0.530303 0.629297 0.107197 0.140799
0 0.592708 0.697042 0.061932 0.065470
0 0.639678 0.454752 0.062311 0.116785
0 0.548485 0.454752 0.092424 0.127907
0 0.544886 0.339484 0.095833 0.102629
0 0.443371 0.424039 0.077652 0.165571
0 0.511174 0.202351 0.070455 0.063448
0 0.506345 0.059024 0.043750 0.060920
0 0.504261 0.131193 0.082008 0.075329
0 0.445833 0.099216 0.037879 0.110465
0 0.679735 0.398003 0.077273 0.107432
0 0.707576 0.455511 0.020076 0.039939
0 0.711080 0.502654 0.029356 0.043225
0 0.677746 0.546132 0.059659 0.057887
0 0.655492 0.622472 0.117045 0.112487
0 0.721780 0.620071 0.040909 0.057128
0 0.726420 0.702856 0.061174 0.093782
0 0.767803 0.641431 0.044697 0.033114
0 0.846307 0.678842 0.111174 0.083165
0 0.829451 0.799798 0.100189 0.149646
0 0.832008 0.146992 0.060985 0.040698
0 0.733807 0.151163 0.096780 0.050051
0 0.683523 0.264914 0.095833 0.071284
0 0.654072 0.084681 0.124811 0.072801
