0 0.952462 0.869818 0.095076 0.118301
0 0.909470 0.699444 0.181061 0.218402
0 0.138826 0.590243 0.140909 0.150657
0 0.604830 0.912285 0.211553 0.175430
0 0.388826 0.926694 0.088258 0.133974
0 0.469413 0.824697 0.096402 0.246461
0 0.025758 0.701340 0.044697 0.055359
0 0.051799 0.786021 0.103220 0.098837
0 0.040341 0.922776 0.076894 0.146866
0 0.173769 0.855030 0.047159 0.103893
0 0.871970 0.470804 0.189773 0.234328
0 0.736080 0.482937 0.124053 0.173660
0 0.646496 0.302958 0.109659 0.238878
0 0.731629 0.172017 0.207955 0.287917
0 0.937689 0.091254 0.124621 0.171385
0 0.961269 0.232685 0.077462 0.149393
0 0.619981 0.494439 0.148295 0.136502
0 0.583049 0.650404 0.078598 0.103134
0 0.745265 0.687563 0.157197 0.243175
0 0.633239 0.796259 0.099811 0.091507
0 0.311742 0.693756 0.093561 0.120071
0 0.236174 0.765293 0.062500 0.173660
0 0.306250 0.858569 0.083333 0.043225
0 0.265341 0.924671 0.044318 0.084934
0 0.097633 0.094666 0.116856 0.131699
0 0.227462 0.069515 0.132955 0.136502
0 0.234375 0.208165 0.090341 0.215622
0 0.099148 0.303842 0.160038 0.226491
0 0.345360 0.083797 0.067235 0.081143
0 0.446686 0.119312 0.130492 0.225480
0 0.489015 0.392821 0.178030 0.219414
0 0.563542 0.276036 0.080492 0.143074
0 0.316761 0.415698 0.160795 0.191860
0 0.404735 0.567366 0.087879 0.114510
0 0.197254 0.445020 0.053220 0.094793
0 0.810322 0.950581 0.172159 0.098837
0 0.824053 0.849343 0.062500 0.067745
0 0.732386 0.844919 0.039394 0.079120
