0 0.188163 0.428337 0.124053 0.147877
0 0.107576 0.214863 0.157197 0.193124
0 0.252652 0.115521 0.056061 0.095046
0 0.153788 0.088600 0.087879 0.077604
0 0.247822 0.271866 0.068750 0.070526
0 0.077841 0.730789 0.093561 0.095046
0 0.121307 0.847321 0.108144 0.103134
0 0.765341 0.954879 0.144697 0.089737
0 0.871023 0.967518 0.068561 0.064965
0 0.911174 0.884858 0.090909 0.096309
0 0.347159 0.519970 0.178409 0.166330
0 0.388447 0.417594 0.064394 0.069767
0 0.317424 0.261502 0.057576 0.101871
0 0.419034 0.296259 0.127841 0.202730
0 0.784280 0.230410 0.060985 0.054348
0 0.912405 0.209429 0.038068 0.103893
0 0.916951 0.291077 0.118750 0.053842
0 0.835890 0.497599 0.061553 0.072042
0 0.293087 0.707154 0.124053 0.157988
0 0.218371 0.731673 0.066288 0.136249
0 0.147538 0.574065 0.052273 0.082912
0 0.713636 0.875885 0.066288 0.086957
0 0.681155 0.718782 0.152462 0.173660
0 0.547822 0.613246 0.055114 0.082912
0 0.399148 0.659505 0.074432 0.058140
0 0.469034 0.668225 0.053220 0.063953
0 0.423011 0.792973 0.113447 0.104146
0 0.520076 0.431244 0.138636 0.170880
0 0.619697 0.496967 0.057197 0.069767
0 0.674053 0.546891 0.076136 0.062942
0 0.651610 0.259353 0.038826 0.049545
0 0.675379 0.190344 0.045076 0.076845
0 0.900095 0.019338 0.057765 0.038170
0 0.864773 0.119060 0.051894 0.045501
0 0.697917 0.385111 0.068939 0.130182
0 0.720739 0.275531 0.028220 0.043984
0 0.495928 0.106421 0.085038 0.092518
0 0.628220 0.925430 0.027652 0.033873
