0 0.761174 0.917720 0.113258 0.122093
0 0.728314 0.460313 0.117614 0.133468
0 0.806061 0.263018 0.094318 0.148382
0 0.966098 0.197169 0.067803 0.151163
0 0.824716 0.505814 0.092614 0.125379
0 0.834659 0.646739 0.157955 0.115521
0 0.870644 0.781724 0.088636 0.078109
0 0.897443 0.858696 0.052841 0.083418
0 0.948201 0.629803 0.061553 0.102376
0 0.500663 0.571916 0.186174 0.174671
0 0.592140 0.452604 0.099811 0.095298
0 0.050758 0.326213 0.064773 0.171638
0 0.196591 0.042720 0.107576 0.084429
0 0.340341 0.048787 0.119318 0.097068
0 0.431534 0.038170 0.060795 0.069767
0 0.478693 0.161400 0.077083 0.097826
0 0.537595 0.247219 0.067235 0.117796
0 0.612973 0.180738 0.091477 0.069767
0 0.647443 0.265672 0.058902 0.115774
0 0.727273 0.191481 0.081439 0.064965
0 0.759186 0.119060 0.085038 0.072295
0 0.840057 0.098079 0.032765 0.057634
0 0.720928 0.309783 0.057765 0.087715
0 0.592992 0.359201 0.074621 0.072801
0 0.282670 0.239889 0.085417 0.143074
0 0.198864 0.402300 0.070833 0.152932
0 0.232670 0.554221 0.097538 0.200455
0 0.323580 0.727755 0.155871 0.100101
0 0.066004 0.860844 0.047159 0.046764
0 0.067519 0.766684 0.024053 0.043478
0 0.093087 0.574949 0.172159 0.147371
0 0.481913 0.791709 0.122159 0.187058
0 0.590341 0.747851 0.099621 0.082154
0 0.670739 0.791077 0.060417 0.063448
0 0.627746 0.946663 0.087689 0.106673
0 0.367330 0.933645 0.052462 0.052831
0 0.696591 0.597952 0.107955 0.147371
0 0.981818 0.812437 0.036364 0.026289
0 0.989678 0.462209 0.020644 0.081143
0 0.895644 0.388271 0.144318 0.153691
0 0.616761 0.046006 0.029735 0.051062
0 0.546875 0.096689 0.038447 0.051314
0 0.441288 0.426567 0.070455 0.110465
0 0.363068 0.262133 0.077652 0.225480
0 0.462689 0.316860 0.082197 0.113498
0 0.507670 0.375000 0.060038 0.061426
0 0.350473 0.562310 0.092992 0.108443
0 0.183996 0.841380 0.033523 0.041709
0 0.086742 0.449697 0.036364 0.080384
0 0.126610 0.412285 0.045644 0.065217
