0 0.554924 0.669995 0.140530 0.122093
0 0.635322 0.875000 0.129735 0.172649
0 0.637689 0.234960 0.142803 0.136249
0 0.686269 0.368301 0.112311 0.137007
0 0.314867 0.826340 0.136174 0.175430
0 0.487405 0.880561 0.122538 0.171132
0 0.777083 0.648509 0.157197 0.241405
0 0.665720 0.658493 0.111742 0.217391
0 0.865246 0.030586 0.077841 0.060667
0 0.599242 0.071790 0.170455 0.143074
0 0.451515 0.366785 0.245076 0.193124
0 0.168182 0.476744 0.087879 0.093529
0 0.208333 0.668731 0.128409 0.182760
0 0.296780 0.531598 0.115909 0.095551
0 0.430398 0.593150 0.143750 0.173660
0 0.562405 0.524141 0.103977 0.089232
0 0.922254 0.795121 0.104735 0.111982
0 0.792045 0.875253 0.150000 0.149393
0 0.891761 0.973079 0.046402 0.053842
0 0.291288 0.331016 0.070455 0.115015
0 0.361458 0.217770 0.108523 0.173660
0 0.813447 0.234960 0.164394 0.102882
0 0.808902 0.407103 0.119318 0.239383
0 0.936648 0.370703 0.123295 0.132204
0 0.938068 0.532988 0.083333 0.197422
0 0.905019 0.688953 0.134280 0.098332
0 0.721496 0.455384 0.051705 0.072548
0 0.953030 0.183898 0.071212 0.123104
0 0.861742 0.116658 0.112121 0.106926
0 0.274811 0.440344 0.081061 0.059656
0 0.031818 0.132204 0.063258 0.083418
0 0.131155 0.117543 0.094886 0.137513
1 0.037879 0.219034 0.075379 0.080637
