0 0.944413 0.292594 0.111174 0.126138
0 0.498390 0.826087 0.072917 0.126390
0 0.580871 0.898129 0.057955 0.059656
0 0.567614 0.801567 0.088636 0.124874
0 0.662121 0.780081 0.096212 0.143074
0 0.829830 0.962841 0.084280 0.074317
0 0.716383 0.939712 0.050947 0.120576
0 0.345928 0.953488 0.152462 0.093023
0 0.447727 0.877149 0.071212 0.160768
0 0.530871 0.648888 0.088636 0.142063
0 0.626326 0.637007 0.082197 0.128918
0 0.688826 0.616532 0.070076 0.142063
0 0.746307 0.546385 0.083523 0.072548
0 0.525095 0.523509 0.080114 0.132457
0 0.504735 0.413170 0.133712 0.115015
0 0.137784 0.283367 0.034280 0.057634
0 0.193466 0.314333 0.121402 0.095804
0 0.178125 0.230662 0.047917 0.068504
0 0.295739 0.844540 0.072159 0.118301
0 0.335322 0.703615 0.077841 0.089232
0 0.369318 0.802578 0.055682 0.119312
0 0.426989 0.668984 0.103220 0.182255
0 0.277652 0.627275 0.084091 0.079626
0 0.365530 0.500632 0.102652 0.175683
0 0.284943 0.449570 0.054356 0.046764
0 0.231345 0.539939 0.060038 0.073812
0 0.340530 0.313195 0.073864 0.101112
0 0.338068 0.381572 0.039773 0.055865
0 0.405966 0.356547 0.066856 0.124115
0 0.426515 0.244944 0.045076 0.083923
0 0.518087 0.275531 0.147538 0.173407
0 0.668182 0.266431 0.145455 0.116279
0 0.668371 0.424039 0.107197 0.104398
0 0.726420 0.337968 0.072538 0.033367
0 0.822822 0.348964 0.027083 0.082154
0 0.773958 0.100733 0.041856 0.119565
0 0.888731 0.063322 0.148295 0.080131
0 0.782955 0.210187 0.044697 0.048787
0 0.842424 0.244060 0.024242 0.079120
0 0.961553 0.445399 0.051894 0.083923
0 0.921780 0.534884 0.090909 0.093529
0 0.860133 0.596183 0.078977 0.122599
0 0.780303 0.725733 0.050758 0.051567
0 0.804072 0.843782 0.191856 0.087462
0 0.094508 0.852123 0.081439 0.084934
0 0.086269 0.954373 0.053598 0.071031
0 0.202367 0.863119 0.078598 0.107937
0 0.128977 0.743933 0.090530 0.041962
0 0.120265 0.437690 0.050758 0.028564
0 0.198674 0.416456 0.096212 0.077604
0 0.178883 0.620956 0.055492 0.045753
0 0.127841 0.555991 0.071970 0.048281
0 0.313636 0.107558 0.048485 0.100354
0 0.282386 0.082280 0.046591 0.054853
0 0.250758 0.165445 0.060985 0.104904
0 0.222822 0.075581 0.061553 0.139535
0 0.269792 0.024393 0.028220 0.048281
0 0.280966 0.376264 0.024811 0.037664
0 0.054924 0.110971 0.070833 0.104146
0 0.068466 0.027679 0.057008 0.054853
0 0.138163 0.078236 0.081250 0.114004
0 0.115814 0.174924 0.054356 0.066734
0 0.523864 0.061173 0.092424 0.108190
0 0.594129 0.151289 0.049242 0.096815
0 0.637784 0.138397 0.059659 0.094287
