0 0.192708 0.245450 0.060038 0.078362
0 0.271402 0.330511 0.080682 0.163549
0 0.389015 0.294110 0.031439 0.060920
0 0.469602 0.477250 0.059659 0.073306
0 0.398864 0.514282 0.120455 0.089232
0 0.318371 0.443124 0.043182 0.143579
0 0.513542 0.639914 0.105492 0.196411
0 0.566383 0.466380 0.108902 0.101112
0 0.675758 0.616026 0.164773 0.169869
0 0.787595 0.536400 0.100568 0.082912
0 0.766761 0.370703 0.173674 0.153943
0 0.623580 0.274772 0.110417 0.076845
0 0.873580 0.325329 0.098674 0.279070
0 0.950000 0.264535 0.065909 0.078109
0 0.228314 0.787285 0.073295 0.131699
0 0.058049 0.933771 0.067992 0.033367
0 0.614110 0.877907 0.200947 0.244186
0 0.798106 0.871208 0.130682 0.257583
0 0.940530 0.807508 0.118939 0.174166
0 0.444602 0.773129 0.148295 0.095804
0 0.327178 0.652048 0.074432 0.092265
0 0.478598 0.017442 0.039773 0.034378
0 0.585227 0.015546 0.040909 0.030586
0 0.356155 0.204247 0.091477 0.075834
0 0.782292 0.019590 0.089205 0.038675
0 0.846591 0.668857 0.059091 0.056623
