1 0.122917 0.073433 0.092803 0.114510
1 0.207576 0.023003 0.078409 0.045501
1 0.060511 0.017189 0.045265 0.033873
0 0.065436 0.145602 0.083902 0.061678
0 0.149242 0.153059 0.078788 0.060415
0 0.041004 0.379424 0.081629 0.162285
0 0.020455 0.234960 0.040530 0.131193
0 0.075095 0.199444 0.060038 0.077351
0 0.078788 0.266431 0.057197 0.052578
0 0.106345 0.368049 0.049053 0.037412
0 0.137784 0.454626 0.057008 0.062437
0 0.048201 0.515040 0.084659 0.107937
0 0.019602 0.769338 0.038826 0.110971
0 0.218466 0.714990 0.029735 0.057381
0 0.287879 0.972447 0.074242 0.055106
0 0.883144 0.110592 0.080303 0.095804
0 0.713731 0.153691 0.048295 0.062690
0 0.495644 0.069894 0.090152 0.108443
0 0.522254 0.015420 0.162311 0.029323
0 0.371970 0.130688 0.030303 0.102123
0 0.362784 0.264788 0.058144 0.061931
0 0.261458 0.367037 0.170644 0.108696
0 0.265909 0.519970 0.053409 0.076340
0 0.273769 0.441860 0.047159 0.043984
0 0.342330 0.432128 0.088826 0.075076
0 0.214394 0.492669 0.020833 0.036906
0 0.449432 0.418605 0.094697 0.125885
0 0.722254 0.019970 0.049811 0.039434
0 0.804451 0.025784 0.069129 0.051062
0 0.603883 0.122599 0.191098 0.182002
0 0.961742 0.388145 0.041288 0.073054
0 0.980398 0.458165 0.039205 0.062437
0 0.977652 0.592139 0.044697 0.072042
0 0.860985 0.439333 0.182197 0.158241
0 0.934564 0.266052 0.058144 0.080131
0 0.944413 0.203868 0.091477 0.069515
0 0.879072 0.277806 0.091477 0.109201
0 0.862500 0.193883 0.069697 0.058645
0 0.786742 0.243428 0.071591 0.167341
0 0.712311 0.373862 0.075000 0.194135
0 0.581061 0.404702 0.137500 0.203236
0 0.656061 0.334429 0.035985 0.051062
0 0.568561 0.234960 0.058333 0.046259
0 0.637500 0.260617 0.101515 0.093023
0 0.485133 0.222447 0.047917 0.042467
0 0.510417 0.294237 0.075758 0.075834
0 0.654451 0.571411 0.131250 0.132710
0 0.681155 0.702604 0.070644 0.083670
0 0.594318 0.799166 0.180303 0.116026
0 0.470076 0.655586 0.056439 0.139282
0 0.527652 0.664687 0.050000 0.146360
0 0.561648 0.602503 0.060038 0.096309
0 0.547727 0.535389 0.084470 0.044995
0 0.427273 0.552326 0.050379 0.090495
0 0.325379 0.705131 0.044697 0.050303
0 0.346970 0.623610 0.036742 0.111729
0 0.371970 0.694767 0.032197 0.036148
0 0.421686 0.721309 0.034659 0.055359
0 0.362500 0.789687 0.090530 0.062690
0 0.396875 0.846057 0.028220 0.055612
0 0.273485 0.799419 0.093939 0.080637
0 0.299053 0.907609 0.031439 0.074065
0 0.458523 0.796512 0.068939 0.129929
0 0.583144 0.928969 0.241288 0.141557
0 0.759280 0.910516 0.100000 0.115774
0 0.813920 0.850228 0.086553 0.137765
0 0.866572 0.958797 0.081250 0.070779
0 0.770549 0.674166 0.086932 0.156724
0 0.867708 0.622978 0.131250 0.188827
0 0.883239 0.773761 0.056250 0.123357
0 0.910038 0.877149 0.039015 0.067240
0 0.946780 0.752781 0.039394 0.050051
0 0.719697 0.811299 0.071591 0.071537
0 0.185038 0.222321 0.064773 0.081648
0 0.121307 0.297270 0.050568 0.075329
