0 0.427652 0.938701 0.083712 0.122599
0 0.307481 0.958544 0.083902 0.082912
0 0.280114 0.850859 0.143939 0.170880
0 0.353693 0.669869 0.127841 0.225480
0 0.408428 0.837968 0.062311 0.097573
0 0.533902 0.419237 0.077652 0.122599
0 0.342045 0.450329 0.042803 0.060415
0 0.376989 0.361855 0.086174 0.116026
0 0.438447 0.365142 0.061364 0.124115
0 0.413920 0.461451 0.056250 0.072548
0 0.246686 0.534505 0.034280 0.046764
0 0.145928 0.625000 0.196402 0.217644
0 0.147159 0.440597 0.089394 0.178969
0 0.252841 0.363878 0.138258 0.245956
0 0.287311 0.170880 0.061742 0.118807
0 0.343750 0.224975 0.029167 0.058140
0 0.036080 0.552326 0.066098 0.179474
0 0.025095 0.299798 0.049811 0.269970
0 0.074148 0.076972 0.093750 0.119060
0 0.109848 0.241153 0.103409 0.193630
0 0.238163 0.053084 0.112689 0.105662
0 0.435606 0.040445 0.072348 0.080384
0 0.540057 0.126769 0.085038 0.114004
0 0.592803 0.248862 0.112121 0.083670
0 0.644413 0.386881 0.109659 0.150404
0 0.705019 0.580131 0.184659 0.161780
0 0.767330 0.424039 0.115341 0.170627
0 0.901799 0.311678 0.188447 0.084429
0 0.865625 0.204499 0.059659 0.117796
0 0.591383 0.036527 0.106250 0.072548
0 0.696307 0.066229 0.106629 0.131951
0 0.788163 0.130056 0.098295 0.207533
0 0.920644 0.072801 0.158712 0.145096
0 0.972159 0.435415 0.043939 0.112487
0 0.912311 0.480789 0.073106 0.081901
0 0.845644 0.420248 0.057197 0.073054
0 0.954830 0.654702 0.090341 0.217391
0 0.884280 0.778059 0.104167 0.124874
0 0.936080 0.863119 0.055871 0.054348
0 0.989205 0.872978 0.021591 0.027048
0 0.952652 0.974343 0.088636 0.051314
0 0.837689 0.920501 0.153788 0.129676
0 0.813163 0.767947 0.040720 0.056117
0 0.704167 0.804601 0.159470 0.087968
0 0.658523 0.706775 0.148485 0.131951
0 0.499053 0.652679 0.081061 0.051062
0 0.544792 0.778691 0.071402 0.076593
0 0.605777 0.951087 0.114583 0.097826
0 0.724905 0.938069 0.036553 0.123862
0 0.461742 0.490268 0.051894 0.077098
0 0.353693 0.522497 0.061553 0.066734
0 0.313352 0.563322 0.016477 0.041203
0 0.175947 0.857053 0.032955 0.042214
0 0.163826 0.902048 0.029924 0.036653
0 0.090341 0.859707 0.118939 0.196663
0 0.018277 0.736350 0.036174 0.046006
0 0.275095 0.571031 0.063068 0.055612
