0 0.445644 0.139156 0.094697 0.129676
0 0.235511 0.398761 0.080492 0.114004
0 0.161553 0.255182 0.120455 0.121587
0 0.132576 0.097573 0.069697 0.067745
0 0.142424 0.035895 0.086364 0.050051
0 0.047538 0.181749 0.093939 0.127401
0 0.049716 0.347952 0.066098 0.137260
0 0.141098 0.422017 0.110985 0.141304
0 0.672348 0.545501 0.052273 0.084934
0 0.738826 0.475607 0.055682 0.065470
0 0.156345 0.562942 0.049432 0.075834
0 0.090720 0.698559 0.112121 0.172144
0 0.046970 0.843782 0.061364 0.172902
0 0.123674 0.930233 0.122727 0.139535
0 0.261174 0.941102 0.121212 0.109201
0 0.425095 0.920627 0.089962 0.158746
0 0.276799 0.068630 0.175189 0.132710
0 0.576799 0.117417 0.136174 0.146866
0 0.737689 0.098711 0.139773 0.184277
0 0.377083 0.316987 0.183333 0.213852
0 0.533239 0.361350 0.150568 0.313701
0 0.658712 0.358316 0.099242 0.296512
0 0.779261 0.310794 0.124432 0.212588
0 0.904072 0.161400 0.191856 0.204499
0 0.918182 0.031092 0.085985 0.056117
0 0.907955 0.357305 0.123864 0.182255
0 0.829830 0.486476 0.095644 0.131699
0 0.700947 0.616911 0.156061 0.162032
0 0.880587 0.694135 0.174432 0.287664
0 0.979072 0.618680 0.041856 0.203488
0 0.389205 0.533241 0.198106 0.221183
0 0.258333 0.636754 0.154545 0.134479
0 0.360227 0.739257 0.093182 0.179727
0 0.478977 0.733443 0.117803 0.181749
0 0.551705 0.633342 0.116667 0.123610
0 0.257102 0.767568 0.071023 0.064459
0 0.622254 0.910768 0.142235 0.178463
0 0.753883 0.820273 0.185417 0.229525
0 0.603314 0.764156 0.118750 0.122851
0 0.897727 0.919616 0.145455 0.145602
0 0.314299 0.186552 0.092235 0.124368
