0 0.301799 0.880182 0.097917 0.132963
0 0.589773 0.782609 0.075000 0.102123
0 0.509754 0.613878 0.084280 0.116532
0 0.617708 0.657988 0.147159 0.119818
0 0.656061 0.748357 0.076894 0.105915
0 0.646591 0.919363 0.058712 0.069262
0 0.764583 0.655586 0.102273 0.208544
0 0.668087 0.962841 0.127083 0.074317
0 0.783807 0.842012 0.149432 0.116785
0 0.840436 0.956143 0.041098 0.063448
0 0.848201 0.520602 0.097917 0.080637
0 0.608523 0.455258 0.049621 0.067240
0 0.660890 0.331395 0.114962 0.143074
0 0.687027 0.227503 0.105871 0.081901
0 0.574621 0.291835 0.109848 0.156471
0 0.438731 0.430612 0.095644 0.096309
0 0.130398 0.878918 0.239205 0.111223
0 0.055398 0.970046 0.039583 0.055865
0 0.074527 0.716886 0.112311 0.159757
0 0.253883 0.714611 0.182386 0.185541
0 0.209943 0.566229 0.084659 0.107685
0 0.335890 0.399772 0.104735 0.258089
0 0.248864 0.419489 0.073485 0.099848
0 0.239678 0.290192 0.043750 0.082406
0 0.328125 0.222826 0.180871 0.113498
0 0.479261 0.231926 0.102462 0.054348
0 0.779830 0.228766 0.084659 0.104146
0 0.895739 0.292846 0.042235 0.145349
0 0.775568 0.374368 0.113636 0.097573
0 0.796780 0.447674 0.044318 0.097573
0 0.847538 0.428969 0.062121 0.046006
0 0.682481 0.485339 0.076705 0.111729
0 0.600000 0.547649 0.102652 0.106926
0 0.470076 0.518579 0.153788 0.070020
0 0.464962 0.343402 0.106439 0.077098
0 0.532955 0.431876 0.074621 0.073054
0 0.167519 0.256320 0.096023 0.132457
0 0.179451 0.345804 0.044886 0.057128
0 0.056913 0.515925 0.074432 0.095046
0 0.085417 0.427199 0.072727 0.098584
0 0.036837 0.243680 0.035417 0.046006
0 0.126894 0.564080 0.079924 0.111476
0 0.320265 0.574949 0.112121 0.087715
0 0.413826 0.615521 0.095076 0.127401
0 0.348674 0.792467 0.037121 0.061678
0 0.424811 0.775657 0.140152 0.262133
0 0.499716 0.929853 0.202462 0.140293
