0 0.371686 0.509226 0.161932 0.217644
0 0.432386 0.430485 0.098106 0.116279
0 0.321970 0.296764 0.113258 0.133974
0 0.151515 0.439712 0.118939 0.147371
0 0.235133 0.357811 0.095265 0.195905
0 0.082576 0.254044 0.099621 0.100101
0 0.171496 0.093529 0.128977 0.142568
0 0.674527 0.240268 0.199432 0.190849
0 0.442330 0.735212 0.332008 0.240394
0 0.611553 0.470804 0.232955 0.248483
0 0.572159 0.908873 0.194697 0.178210
0 0.878314 0.259985 0.084659 0.216127
0 0.945739 0.749115 0.071402 0.213600
0 0.744508 0.813448 0.157197 0.218402
0 0.661932 0.713347 0.113636 0.216380
0 0.227841 0.920121 0.221591 0.159757
0 0.130587 0.702604 0.254356 0.284884
0 0.069981 0.386881 0.128977 0.148382
0 0.306723 0.130688 0.129356 0.201719
0 0.485417 0.234454 0.115152 0.149899
0 0.541856 0.045374 0.211364 0.090243
0 0.741951 0.038170 0.095644 0.075834
