0 0.485795 0.815217 0.126515 0.174924
0 0.674905 0.918478 0.092235 0.163043
0 0.746591 0.969414 0.058712 0.061173
0 0.958239 0.604651 0.083523 0.169869
0 0.913352 0.475733 0.071023 0.101112
0 0.958049 0.305233 0.083902 0.118049
0 0.909754 0.203868 0.046780 0.045753
0 0.878504 0.142947 0.030114 0.038170
0 0.953788 0.117417 0.070455 0.111982
0 0.982860 0.036906 0.034280 0.068756
0 0.919223 0.028943 0.050947 0.057381
0 0.635701 0.089484 0.080492 0.116279
0 0.629640 0.239510 0.060417 0.080637
0 0.516383 0.296512 0.090341 0.120324
0 0.574811 0.270475 0.024242 0.031850
0 0.377367 0.210440 0.122538 0.157988
0 0.463636 0.116911 0.102273 0.153943
0 0.328220 0.068756 0.120076 0.137007
0 0.473958 0.021234 0.059280 0.041962
0 0.572633 0.031092 0.072917 0.061678
0 0.642330 0.407861 0.029356 0.043225
0 0.270833 0.747599 0.099621 0.155460
0 0.265720 0.905586 0.070833 0.087715
0 0.469034 0.966127 0.060038 0.067745
0 0.236742 0.964863 0.122348 0.060667
0 0.176042 0.872851 0.065720 0.110212
0 0.079261 0.952477 0.053220 0.083418
0 0.072348 0.873357 0.114394 0.115774
0 0.061648 0.770349 0.071402 0.087209
0 0.044508 0.656092 0.088636 0.173660
0 0.288636 0.472194 0.151515 0.234075
0 0.423864 0.440344 0.120455 0.127401
0 0.456155 0.604525 0.089962 0.079120
0 0.023769 0.253033 0.047159 0.130940
0 0.061837 0.098964 0.046023 0.045753
0 0.037689 0.147245 0.024242 0.031598
0 0.123295 0.259985 0.093182 0.044237
0 0.108523 0.019338 0.055303 0.038170
0 0.267330 0.284378 0.028977 0.033873
0 0.511174 0.530966 0.062879 0.078615
0 0.577178 0.521107 0.022538 0.018959
0 0.611932 0.330384 0.023485 0.026795
0 0.767898 0.679474 0.110417 0.154702
