1 0.683807 0.776416 0.143750 0.211577
1 0.742519 0.652048 0.104356 0.134226
1 0.619697 0.610971 0.042803 0.070273
1 0.764205 0.507331 0.087879 0.116785
1 0.840152 0.430233 0.069697 0.082912
1 0.852273 0.364510 0.051515 0.034884
1 0.570455 0.431876 0.116667 0.182760
1 0.675852 0.362614 0.089962 0.143327
1 0.733807 0.265420 0.079735 0.122851
1 0.802273 0.199065 0.090152 0.164055
1 0.818845 0.073054 0.090341 0.127401
1 0.751326 0.050051 0.087121 0.099596
1 0.676042 0.941229 0.124811 0.117037
0 0.277178 0.335693 0.081250 0.103134
0 0.290057 0.410516 0.115341 0.089484
0 0.338258 0.459050 0.024242 0.030839
0 0.248485 0.491785 0.032576 0.045248
0 0.246402 0.565976 0.086364 0.101618
0 0.282860 0.507963 0.022159 0.027553
0 0.157576 0.375506 0.133712 0.130182
0 0.069886 0.274520 0.060227 0.093023
0 0.171780 0.127149 0.133712 0.153185
0 0.184280 0.268327 0.092424 0.130688
0 0.098674 0.496967 0.054924 0.083418
0 0.044129 0.443504 0.087879 0.119060
0 0.013826 0.522877 0.027273 0.038675
0 0.040152 0.584808 0.023106 0.058898
0 0.062879 0.636502 0.016288 0.014156
0 0.028504 0.749242 0.056629 0.115774
0 0.099527 0.734960 0.059659 0.060415
0 0.102841 0.649141 0.050000 0.099596
0 0.146402 0.667594 0.029167 0.021234
0 0.168655 0.597700 0.028220 0.030586
0 0.233807 0.727250 0.052462 0.041962
0 0.301610 0.635617 0.102462 0.098332
0 0.310606 0.739510 0.065909 0.140799
0 0.365530 0.746967 0.026515 0.048534
0 0.349432 0.844793 0.039773 0.058140
0 0.390530 0.888145 0.030682 0.054348
0 0.106913 0.893327 0.047538 0.064712
0 0.080208 0.032609 0.041856 0.061678
0 0.159091 0.027806 0.067803 0.049545
0 0.277557 0.137260 0.053977 0.055106
0 0.251610 0.073054 0.031250 0.072295
0 0.308239 0.037791 0.017614 0.039687
0 0.332386 0.009985 0.041288 0.019464
0 0.401705 0.017063 0.034091 0.032609
0 0.382102 0.127781 0.055871 0.052831
0 0.426326 0.155334 0.033333 0.049798
0 0.446307 0.055865 0.058144 0.054601
0 0.497633 0.046259 0.067235 0.092012
0 0.553409 0.013524 0.028409 0.026542
0 0.589773 0.024141 0.025000 0.047776
0 0.584375 0.158241 0.068371 0.102123
0 0.650379 0.114889 0.064015 0.062942
0 0.661080 0.030966 0.069129 0.043731
0 0.710701 0.132331 0.053220 0.054348
0 0.469886 0.965622 0.071591 0.068756
1 0.628788 0.238246 0.065530 0.098837
0 0.512595 0.295880 0.062311 0.065976
0 0.540909 0.220298 0.051136 0.034631
1 0.701136 0.211704 0.071591 0.120576
1 0.888447 0.635870 0.091667 0.108948
1 0.920739 0.732432 0.104356 0.154954
1 0.967519 0.766684 0.064583 0.111223
1 0.949242 0.568504 0.100000 0.163802
1 0.944697 0.316608 0.071970 0.075581
1 0.953504 0.144338 0.092992 0.115774
1 0.974148 0.257331 0.051705 0.072295
1 0.944792 0.048534 0.110417 0.087462
1 0.877746 0.951972 0.079356 0.096057
1 0.949527 0.933519 0.057008 0.116279
1 0.984754 0.880056 0.030492 0.075076
1 0.516288 0.739257 0.065530 0.098837
1 0.504072 0.837968 0.084659 0.096562
1 0.558523 0.873357 0.094697 0.135996
1 0.558523 0.968782 0.110606 0.062437
0 0.388636 0.255435 0.048106 0.062942
0 0.368277 0.314585 0.064583 0.062437
0 0.422917 0.430233 0.089015 0.114257
0 0.455398 0.508089 0.028220 0.049545
0 0.479735 0.518327 0.020076 0.023509
0 0.521402 0.516810 0.051136 0.079626
1 0.549527 0.575708 0.042614 0.065976
1 0.511458 0.649141 0.056250 0.083418
1 0.447822 0.745703 0.044508 0.076340
0 0.198106 0.466254 0.044318 0.063448
1 0.956818 0.422144 0.086364 0.119312
