1 0.430966 0.079373 0.113447 0.158241
1 0.352841 0.089611 0.070455 0.121082
1 0.280777 0.044869 0.115341 0.089232
1 0.156818 0.017821 0.057197 0.035137
0 0.384659 0.714232 0.041667 0.100354
0 0.432576 0.625506 0.031818 0.036653
0 0.406723 0.438701 0.041856 0.071031
0 0.581345 0.485086 0.053977 0.066734
0 0.721686 0.309783 0.032765 0.045248
0 0.661174 0.267695 0.023106 0.031850
0 0.597159 0.325961 0.012879 0.013903
0 0.921591 0.204879 0.124242 0.127149
0 0.903220 0.572801 0.051515 0.130940
0 0.596023 0.792973 0.037500 0.108190
0 0.523864 0.874874 0.043182 0.069767
0 0.298201 0.746967 0.074053 0.054601
0 0.034091 0.753792 0.057197 0.052073
0 0.110701 0.697422 0.078977 0.057128
0 0.069602 0.552958 0.063447 0.069515
0 0.223958 0.468150 0.072917 0.107179
0 0.024432 0.416962 0.043182 0.119060
0 0.065814 0.369692 0.075947 0.063953
0 0.215152 0.550430 0.078409 0.059909
0 0.261553 0.631699 0.053030 0.098079
0 0.309091 0.581775 0.033712 0.090243
0 0.338542 0.686426 0.021402 0.067492
0 0.220455 0.735592 0.077652 0.077856
0 0.164489 0.664055 0.028598 0.060667
0 0.396875 0.375885 0.019886 0.024267
0 0.082197 0.306876 0.053030 0.041456
0 0.480398 0.182255 0.029735 0.038423
1 0.257481 0.292467 0.067235 0.083923
1 0.320360 0.267821 0.062311 0.085187
1 0.444508 0.245450 0.042424 0.057634
1 0.444413 0.343402 0.072917 0.064965
1 0.589299 0.093655 0.153220 0.186805
1 0.339867 0.178337 0.054735 0.064965
1 0.375758 0.247346 0.063636 0.094793
1 0.253030 0.166709 0.108333 0.148382
1 0.169697 0.172649 0.074621 0.092518
1 0.023958 0.230157 0.038826 0.039687
1 0.130019 0.117417 0.104735 0.054348
0 0.100852 0.214105 0.041098 0.054601
0 0.014773 0.326719 0.029167 0.057381
1 0.104261 0.063322 0.047538 0.040192
1 0.072822 0.020728 0.022159 0.032861
0 0.633996 0.667720 0.050568 0.063953
1 0.524905 0.239257 0.074811 0.117543
