0 0.931250 0.520349 0.118939 0.216127
0 0.844602 0.217518 0.102841 0.162538
0 0.959470 0.198938 0.081061 0.149141
0 0.884848 0.776542 0.126136 0.158746
0 0.757576 0.769843 0.065530 0.108443
0 0.146117 0.887892 0.225568 0.190849
0 0.383617 0.914813 0.225189 0.153185
0 0.235133 0.447042 0.201326 0.239889
0 0.292519 0.156471 0.103598 0.077856
0 0.364489 0.364257 0.130492 0.192619
0 0.437595 0.247346 0.160038 0.087715
0 0.527841 0.592391 0.175379 0.215116
0 0.373106 0.651668 0.189773 0.253286
0 0.257765 0.740268 0.132955 0.139788
0 0.697727 0.924166 0.086364 0.076340
0 0.628977 0.797776 0.095455 0.132457
0 0.579640 0.405966 0.160417 0.162791
0 0.667330 0.200834 0.078598 0.064459
0 0.219981 0.263903 0.092235 0.083418
0 0.143466 0.140546 0.036553 0.051567
0 0.061080 0.449570 0.078220 0.086704
0 0.725758 0.417846 0.096212 0.067240
