0 0.385511 0.619439 0.111174 0.129676
0 0.494034 0.644843 0.110038 0.178969
0 0.698580 0.655460 0.078977 0.125379
0 0.598295 0.500126 0.031439 0.072548
0 0.377367 0.251896 0.103977 0.139788
0 0.530303 0.782482 0.085985 0.088726
0 0.528883 0.904323 0.182765 0.191355
0 0.757197 0.958291 0.118182 0.069262
0 0.724337 0.472826 0.124053 0.147371
0 0.589962 0.277932 0.165530 0.205005
0 0.472348 0.363498 0.037500 0.042467
0 0.047822 0.863119 0.072538 0.055359
0 0.251799 0.924671 0.097159 0.144085
0 0.340530 0.803463 0.127652 0.188827
0 0.818277 0.684024 0.122538 0.095046
0 0.925189 0.843150 0.111742 0.164055
0 0.792992 0.201845 0.163258 0.223711
0 0.588542 0.113625 0.154735 0.120576
0 0.719318 0.091507 0.076894 0.109707
0 0.932481 0.120324 0.091477 0.134985
