0 0.339394 0.194009 0.144318 0.206016
0 0.289110 0.289181 0.084659 0.110718
0 0.405682 0.408620 0.104167 0.136754
0 0.298769 0.428337 0.063068 0.079626
0 0.299621 0.517189 0.062500 0.099596
0 0.464583 0.281471 0.037879 0.040192
0 0.610701 0.295121 0.098295 0.111476
0 0.519034 0.336451 0.095644 0.211325
0 0.552652 0.169110 0.107955 0.119312
0 0.623011 0.211830 0.061932 0.047523
0 0.676705 0.203994 0.069318 0.064206
0 0.657292 0.344287 0.122917 0.175935
0 0.652557 0.458544 0.102083 0.084429
0 0.954545 0.279070 0.090909 0.107179
0 0.761364 0.272497 0.067045 0.111223
0 0.823958 0.351239 0.077841 0.102376
0 0.850663 0.489762 0.100189 0.136754
0 0.747443 0.470425 0.112311 0.112235
0 0.720928 0.564585 0.121402 0.099343
0 0.709754 0.083544 0.128220 0.150404
0 0.851705 0.140040 0.167045 0.164813
0 0.835890 0.234580 0.111932 0.080384
0 0.888352 0.690470 0.086932 0.095804
0 0.882765 0.840369 0.095455 0.108443
0 0.952273 0.926062 0.039015 0.056876
0 0.568845 0.650657 0.121023 0.154702
0 0.609659 0.562184 0.118182 0.106168
0 0.586553 0.847952 0.106818 0.149393
0 0.673769 0.789939 0.094129 0.162285
0 0.721496 0.699317 0.105871 0.173155
0 0.443087 0.822674 0.092992 0.087715
0 0.436648 0.903185 0.079356 0.070779
0 0.391761 0.934403 0.096780 0.055359
0 0.240057 0.561931 0.036932 0.090495
0 0.255871 0.693883 0.150379 0.100607
0 0.229545 0.797902 0.071212 0.076087
0 0.216572 0.878160 0.097159 0.088979
0 0.241288 0.958544 0.060227 0.062184
0 0.146496 0.550051 0.064205 0.216380
0 0.189583 0.300683 0.142424 0.184783
0 0.208333 0.169110 0.117045 0.044489
0 0.224432 0.477755 0.032197 0.033367
0 0.219981 0.604525 0.046023 0.045248
