0 0.147633 0.569262 0.110417 0.096057
0 0.294792 0.553969 0.038826 0.097826
0 0.248864 0.478893 0.146591 0.053337
0 0.160417 0.439712 0.036742 0.037159
0 0.152746 0.341001 0.067992 0.065723
0 0.311269 0.380688 0.115341 0.133468
0 0.377557 0.307634 0.092235 0.093529
0 0.333428 0.211577 0.178220 0.101618
0 0.201042 0.171512 0.072159 0.056876
0 0.214205 0.087083 0.120833 0.108443
0 0.135038 0.155713 0.081818 0.141557
0 0.194602 0.733569 0.061553 0.035389
0 0.272064 0.682128 0.052841 0.181244
0 0.311932 0.820147 0.043182 0.063448
0 0.168087 0.930359 0.249432 0.095804
0 0.744034 0.559277 0.083902 0.136754
0 0.619886 0.619060 0.069318 0.033367
0 0.656629 0.511375 0.075000 0.159252
0 0.947159 0.275531 0.070833 0.227503
0 0.854261 0.177705 0.072917 0.193124
0 0.448958 0.100228 0.117992 0.165066
0 0.338163 0.092012 0.060038 0.125885
0 0.374811 0.513650 0.106818 0.120324
0 0.459943 0.452856 0.111174 0.094793
0 0.383239 0.707027 0.131629 0.167341
0 0.484375 0.796259 0.064962 0.075834
0 0.496875 0.601618 0.055114 0.058645
0 0.531534 0.707786 0.115720 0.148635
0 0.474905 0.295753 0.090341 0.085945
0 0.569318 0.330511 0.063258 0.097321
0 0.626231 0.311173 0.055871 0.111223
0 0.677557 0.399646 0.048295 0.058140
0 0.688447 0.202730 0.042803 0.089484
0 0.780587 0.137386 0.042235 0.128665
0 0.836553 0.046512 0.084091 0.075834
0 0.723011 0.066229 0.086174 0.131951
0 0.730777 0.165950 0.024053 0.037159
0 0.656439 0.072674 0.035985 0.030081
0 0.532955 0.228261 0.056439 0.048028
0 0.956818 0.071284 0.081439 0.128413
0 0.860985 0.386122 0.044318 0.052831
0 0.860322 0.718023 0.045644 0.070020
0 0.949242 0.750506 0.055682 0.076845
0 0.952652 0.939965 0.094697 0.112487
0 0.645739 0.787917 0.068371 0.084934
0 0.688920 0.681749 0.058902 0.058645
0 0.751326 0.747851 0.062879 0.079120
0 0.736837 0.893832 0.074053 0.089484
0 0.652746 0.891936 0.052841 0.080131
0 0.352652 0.884100 0.025379 0.028059
0 0.620833 0.975733 0.049621 0.048534
0 0.540625 0.888271 0.044508 0.161780
0 0.032481 0.751896 0.064583 0.037664
0 0.039773 0.162159 0.037879 0.045753
0 0.082386 0.055359 0.057955 0.095551
0 0.237595 0.308645 0.039583 0.051567
