0 0.235322 0.883974 0.070644 0.125379
0 0.351705 0.800809 0.139015 0.218402
0 0.452936 0.896486 0.034280 0.063448
0 0.277652 0.609960 0.064015 0.133468
0 0.201326 0.614383 0.095833 0.113498
0 0.354640 0.232053 0.071402 0.093023
0 0.328409 0.085061 0.076894 0.169616
0 0.419981 0.033241 0.105492 0.065976
0 0.831723 0.057634 0.152083 0.114762
0 0.886742 0.189712 0.137879 0.147371
0 0.939773 0.064965 0.094697 0.101112
0 0.970928 0.152932 0.058144 0.082406
0 0.588352 0.339105 0.131629 0.199444
0 0.662500 0.460566 0.095455 0.093023
0 0.764867 0.417594 0.073674 0.109201
0 0.696307 0.352755 0.059280 0.123610
0 0.827936 0.370324 0.071780 0.102629
0 0.859659 0.492037 0.095076 0.122599
0 0.836553 0.582154 0.064773 0.067240
0 0.756345 0.567619 0.091477 0.123104
0 0.809754 0.701845 0.083902 0.162538
0 0.883333 0.807760 0.068182 0.090243
0 0.812121 0.909757 0.060985 0.180485
0 0.861080 0.967644 0.033144 0.064712
0 0.908617 0.920753 0.072917 0.063448
0 0.527273 0.635870 0.075000 0.113498
0 0.522064 0.537791 0.049053 0.077604
0 0.427367 0.552958 0.137689 0.106421
0 0.349811 0.360592 0.087500 0.111476
0 0.440530 0.368933 0.081818 0.102376
0 0.477273 0.266431 0.093561 0.150152
0 0.452746 0.136375 0.124053 0.121082
0 0.225473 0.149267 0.097538 0.172649
0 0.282860 0.223711 0.064205 0.052578
0 0.150568 0.378539 0.093561 0.190344
0 0.024621 0.587336 0.048864 0.038675
0 0.065530 0.192998 0.039394 0.106421
0 0.103788 0.085819 0.107955 0.055359
0 0.701989 0.746714 0.072159 0.145602
0 0.605871 0.667467 0.094318 0.206522
0 0.590530 0.503918 0.045833 0.120576
0 0.895549 0.690849 0.065341 0.086451
0 0.631439 0.142695 0.105303 0.107432
0 0.138352 0.870324 0.060038 0.105662
0 0.572822 0.785263 0.089205 0.116026
0 0.555871 0.886881 0.095455 0.088220
0 0.670265 0.883089 0.078409 0.061426
