00.9400568181818182 0.46107178968655205 0.11988636363636364 0.1865520728008089
00.9609848484848484 0.6217138523761375 0.07803030303030303 0.13675429726996965
00.6734848484848485 0.2668099089989889 0.1053030303030303 0.15394337714863499
00.5960227272727273 0.23862487360970677 0.04090909090909091 0.04802831142568251
00.565530303030303 0.3244438827098079 0.03333333333333333 0.07305358948432761
00.3622159090909091 0.18023255813953487 0.03579545454545455 0.08088978766430738
00.3321022727272727 0.32065217391304346 0.0365530303030303 0.048281092012133466
00.284469696969697 0.3444135490394338 0.051515151515151514 0.05788675429726997
00.24204545454545454 0.3789180990899899 0.08068181818181819 0.0672396359959555
00.2538825757575758 0.4553842264914055 0.06723484848484848 0.07962588473205258
00.2505681818181818 0.27957532861476236 0.08257575757575758 0.06471183013144591
00.17481060606060606 0.25341253791708795 0.043560606060606064 0.07103134479271991
00.16818181818181818 0.18554095045500504 0.05757575757575758 0.06521739130434782
00.06287878787878788 0.22674418604651161 0.0715909090909091 0.05611729019211325
00.07935606060606061 0.2815975733063701 0.041666666666666664 0.05308392315470172
00.14981060606060606 0.10755813953488372 0.05416666666666667 0.08670374115267948
00.11410984848484848 0.17707280080889787 0.05473484848484848 0.05889787664307381
00.2050189393939394 0.05965621840242669 0.03579545454545455 0.036905965621840245
00.2590909090909091 0.12424165824064712 0.06856060606060606 0.13321536905965622
00.29195075757575756 0.21170374115267948 0.03806818181818182 0.04474216380182002
00.45426136363636366 0.7352123356926188 0.03731060606060606 0.07305358948432761
00.09270833333333334 0.8767694641051568 0.11761363636363636 0.11552072800808898
00.048295454545454544 0.7671890798786654 0.08143939393939394 0.09908998988877654
00.08068181818181819 0.6371334681496461 0.09318181818181819 0.08771486349848331
00.019223484848484847 0.5458796764408493 0.03428030303030303 0.09984833164812942
00.1806818181818182 0.5594034378159757 0.06856060606060606 0.1263902932254803
00.14573863636363638 0.39724469160768455 0.05397727272727273 0.04474216380182002
00.032670454545454544 0.3281092012133468 0.045265151515151515 0.06117290192113246
00.4180871212121212 0.4029322548028311 0.038446969696969695 0.03943377148634985
00.4653409090909091 0.44261880687563193 0.043560606060606064 0.042467138523761376
00.4009469696969697 0.19059656218402427 0.020075757575757577 0.022244691607684528
00.28153409090909093 0.5557381193124368 0.042234848484848486 0.08063700707785643
