0 0.866193 0.345804 0.093750 0.125885
0 0.800189 0.369818 0.037879 0.053589
0 0.883049 0.257457 0.050947 0.054853
0 0.952557 0.262639 0.094886 0.164813
0 0.981061 0.357937 0.037879 0.046006
0 0.867330 0.430359 0.028977 0.030081
0 0.821780 0.456648 0.026136 0.049798
0 0.894886 0.634985 0.051136 0.076340
0 0.556913 0.670627 0.051326 0.058140
0 0.474053 0.748862 0.074621 0.088220
0 0.531155 0.737108 0.038068 0.056623
0 0.564962 0.775278 0.021212 0.047017
0 0.644792 0.793352 0.032386 0.042720
0 0.730019 0.818377 0.033144 0.035137
0 0.612216 0.604019 0.057386 0.081143
0 0.662973 0.609454 0.040720 0.064206
0 0.695170 0.630182 0.042992 0.030839
0 0.705966 0.564838 0.050947 0.066481
0 0.727178 0.604398 0.017992 0.050051
0 0.755019 0.573938 0.041098 0.023509
0 0.771496 0.539307 0.027841 0.037664
0 0.694129 0.424924 0.035606 0.093529
0 0.721212 0.340622 0.050379 0.069009
0 0.667992 0.489257 0.031061 0.035137
0 0.571023 0.608190 0.029167 0.035895
0 0.468182 0.617796 0.064015 0.046006
0 0.367614 0.586451 0.059470 0.055106
0 0.427083 0.551441 0.047727 0.057381
0 0.468561 0.410768 0.042424 0.074317
0 0.452557 0.298913 0.059659 0.069515
0 0.497727 0.379803 0.020076 0.042720
0 0.557008 0.316987 0.045455 0.059151
0 0.519508 0.270475 0.048864 0.037917
0 0.652746 0.277806 0.058144 0.079373
0 0.622917 0.348711 0.022348 0.020981
0 0.607481 0.287412 0.035038 0.026795
0 0.604167 0.182887 0.047348 0.059403
0 0.588163 0.111982 0.098674 0.072801
0 0.509564 0.035642 0.042992 0.070779
0 0.680777 0.128286 0.053598 0.035137
0 0.751420 0.121587 0.047538 0.064206
0 0.798201 0.099722 0.035795 0.086704
0 0.832386 0.088600 0.028030 0.055359
0 0.820076 0.029323 0.036742 0.057128
0 0.885795 0.054095 0.054545 0.062690
0 0.924432 0.119060 0.031061 0.028311
0 0.938826 0.158493 0.012500 0.038423
0 0.969602 0.124242 0.025189 0.025025
0 0.989773 0.064206 0.020455 0.023256
0 0.761932 0.198054 0.058712 0.049292
0 0.698769 0.175935 0.038826 0.021234
0 0.318655 0.445147 0.035038 0.051567
0 0.309943 0.531471 0.040720 0.049292
0 0.373390 0.411274 0.068750 0.120324
0 0.357860 0.328362 0.051705 0.039939
0 0.068182 0.058645 0.095455 0.116785
0 0.127083 0.473079 0.059470 0.056876
0 0.208996 0.346689 0.038447 0.054853
0 0.143182 0.648761 0.031818 0.077604
0 0.266951 0.700076 0.047159 0.057887
0 0.314678 0.698054 0.047917 0.091759
0 0.369886 0.692872 0.062500 0.081395
0 0.334186 0.796512 0.025947 0.047017
0 0.225284 0.846941 0.057765 0.049798
0 0.275947 0.850986 0.041667 0.035642
0 0.313636 0.889156 0.018561 0.022497
0 0.358523 0.941860 0.038636 0.040950
0 0.188163 0.959429 0.044886 0.062942
0 0.168277 0.887133 0.044886 0.030081
0 0.075568 0.803589 0.036742 0.028817
0 0.078883 0.698559 0.044886 0.072548
0 0.032670 0.801820 0.042235 0.057634
0 0.050947 0.857432 0.032955 0.033873
0 0.066572 0.935667 0.047917 0.036653
0 0.122917 0.979019 0.039015 0.034884
0 0.200379 0.636122 0.023106 0.029575
0 0.097254 0.517821 0.033523 0.033620
0 0.109659 0.420880 0.034470 0.027806
0 0.149337 0.148382 0.016098 0.011122
0 0.413258 0.121082 0.040530 0.081395
0 0.414394 0.051062 0.034848 0.056117
0 0.371307 0.189965 0.037689 0.102882
0 0.461080 0.173913 0.033144 0.024772
0 0.578409 0.237487 0.040530 0.064459
0 0.557860 0.165571 0.028598 0.032861
0 0.563068 0.364636 0.032955 0.039687
0 0.865057 0.202856 0.036932 0.070526
0 0.954545 0.397497 0.027273 0.047776
0 0.750284 0.500379 0.046402 0.041203
0 0.821970 0.573938 0.039015 0.028564
0 0.857102 0.683392 0.030492 0.037159
0 0.811174 0.674292 0.034470 0.108948
0 0.851042 0.762765 0.062311 0.054348
0 0.937500 0.736603 0.042424 0.086451
0 0.894697 0.830258 0.032576 0.038170
0 0.933428 0.919742 0.024811 0.080637
0 0.916288 0.988878 0.029924 0.022245
0 0.769413 0.954247 0.061174 0.057128
0 0.663636 0.901795 0.023485 0.035137
0 0.615530 0.948054 0.062121 0.103893
0 0.602273 0.793605 0.046212 0.145854
0 0.537027 0.839232 0.088447 0.072295
0 0.542140 0.921006 0.039205 0.045248
0 0.420833 0.829499 0.059091 0.072042
0 0.655114 0.708797 0.042424 0.070273
0 0.730871 0.727123 0.046591 0.048281
0 0.715057 0.672396 0.030114 0.036400
0 0.831818 0.536400 0.038258 0.040445
