0 0.929830 0.959934 0.138068 0.080131
0 0.670076 0.857305 0.117045 0.166582
0 0.578693 0.822927 0.080492 0.094287
0 0.563163 0.936299 0.037311 0.084429
0 0.417898 0.967139 0.067235 0.059656
0 0.255587 0.909757 0.118750 0.180485
0 0.163068 0.837715 0.085985 0.096562
0 0.063826 0.831143 0.074621 0.062690
0 0.153220 0.753033 0.053409 0.060162
0 0.254924 0.726871 0.057197 0.061931
0 0.360038 0.727503 0.028030 0.126390
0 0.319602 0.665824 0.061553 0.097068
0 0.807576 0.379929 0.091667 0.112740
0 0.710133 0.444009 0.064583 0.068504
0 0.738731 0.562942 0.109659 0.123357
0 0.929640 0.220551 0.080871 0.094793
0 0.879924 0.080890 0.082955 0.089990
0 0.952462 0.062310 0.041288 0.052831
0 0.969034 0.179474 0.037311 0.072295
0 0.438447 0.374494 0.094697 0.152427
0 0.539299 0.468150 0.089583 0.108696
0 0.584659 0.297776 0.050379 0.082912
0 0.567235 0.373989 0.041288 0.056876
0 0.324432 0.252654 0.117045 0.131699
0 0.242898 0.264156 0.051326 0.060162
0 0.105587 0.494186 0.087311 0.109201
0 0.028693 0.370324 0.057008 0.151163
0 0.060417 0.149014 0.056439 0.064459
0 0.102178 0.211325 0.054735 0.086957
0 0.171212 0.337968 0.025758 0.043478
0 0.123201 0.284757 0.077083 0.056876
0 0.041004 0.252022 0.077841 0.084429
0 0.200568 0.065976 0.066288 0.130435
0 0.238352 0.204499 0.080871 0.071790
0 0.230871 0.624621 0.106439 0.074823
0 0.357008 0.502022 0.113258 0.146613
0 0.269223 0.433392 0.067614 0.066481
0 0.214205 0.462336 0.085227 0.046512
0 0.443750 0.767947 0.034091 0.033367
0 0.455492 0.690597 0.025758 0.030839
0 0.568750 0.656724 0.080303 0.064712
