0 0.399527 0.328488 0.053220 0.123104
0 0.173485 0.771486 0.125758 0.158241
0 0.461837 0.472447 0.080114 0.151668
0 0.542424 0.502022 0.057576 0.108696
0 0.554261 0.584050 0.084659 0.069515
0 0.630871 0.615394 0.057197 0.105410
0 0.226799 0.631067 0.072917 0.077604
0 0.137784 0.637007 0.064962 0.056117
0 0.079735 0.524520 0.150379 0.169869
0 0.219413 0.461451 0.053220 0.098332
0 0.269886 0.377654 0.078788 0.123357
0 0.277367 0.487108 0.045265 0.041456
0 0.344981 0.466759 0.067235 0.098837
0 0.398485 0.079626 0.081818 0.051062
0 0.408144 0.030586 0.049621 0.052073
0 0.229451 0.048534 0.065341 0.093529
0 0.306818 0.158367 0.057197 0.078615
0 0.333428 0.240142 0.086174 0.119312
0 0.398106 0.194388 0.042424 0.051567
0 0.876894 0.240268 0.089773 0.232811
0 0.779735 0.074444 0.059091 0.070020
0 0.686269 0.112614 0.042992 0.102376
0 0.621402 0.364004 0.060985 0.118807
0 0.623390 0.488878 0.083523 0.119818
0 0.770265 0.590748 0.084470 0.065723
0 0.902083 0.577351 0.055682 0.042973
0 0.377367 0.657356 0.161932 0.131193
0 0.262500 0.855915 0.153030 0.086957
0 0.303598 0.788675 0.063636 0.050556
0 0.255682 0.923155 0.073485 0.075329
0 0.531155 0.942745 0.057008 0.114510
0 0.541383 0.823054 0.156250 0.081901
0 0.405114 0.764156 0.050000 0.115774
0 0.383239 0.917214 0.060038 0.060415
0 0.781155 0.845677 0.039583 0.060415
0 0.683049 0.783620 0.055871 0.057634
0 0.484375 0.268074 0.100189 0.073054
0 0.549432 0.324444 0.062879 0.038675
0 0.174811 0.293352 0.088258 0.124621
0 0.053788 0.087841 0.067045 0.063448
0 0.128788 0.166077 0.050758 0.050051
0 0.101989 0.239004 0.060795 0.057887
0 0.101515 0.386754 0.076515 0.052073
