1 0.151705 0.813953 0.139394 0.208291
0 0.911458 0.075202 0.128598 0.122599
0 0.931061 0.193883 0.088636 0.093023
0 0.958523 0.217391 0.082955 0.129929
0 0.796307 0.087336 0.058523 0.088726
0 0.570928 0.127654 0.211553 0.201719
0 0.468182 0.062563 0.083333 0.124621
0 0.724053 0.120703 0.069697 0.056370
0 0.874905 0.500126 0.059280 0.095804
0 0.954451 0.427073 0.091098 0.054853
0 0.887595 0.662791 0.084659 0.111223
0 0.811932 0.646360 0.081061 0.059151
0 0.745455 0.524646 0.118939 0.170627
0 0.829356 0.471941 0.043182 0.125379
0 0.654640 0.369692 0.026705 0.054348
0 0.552083 0.367796 0.063258 0.117290
0 0.476705 0.339105 0.035985 0.044742
0 0.386080 0.540192 0.089962 0.053084
0 0.325947 0.478387 0.024621 0.024014
0 0.395739 0.264029 0.065720 0.070020
0 0.323864 0.095425 0.025758 0.031598
0 0.344792 0.201972 0.053220 0.042467
1 0.204545 0.064838 0.139394 0.078615
1 0.169034 0.150657 0.041856 0.076340
0 0.288731 0.726618 0.040341 0.061426
0 0.328598 0.643579 0.042045 0.075834
0 0.388636 0.637007 0.029924 0.023256
0 0.414205 0.612361 0.038258 0.061931
0 0.422254 0.731926 0.034280 0.183771
0 0.356061 0.834934 0.030682 0.022245
0 0.363636 0.916203 0.050758 0.064965
0 0.302841 0.858696 0.039394 0.059656
0 0.045360 0.917088 0.085417 0.109707
0 0.453883 0.900278 0.040341 0.037664
0 0.613352 0.667467 0.134280 0.174166
0 0.552936 0.818756 0.110038 0.108190
0 0.568182 0.518453 0.048864 0.136502
0 0.632292 0.466507 0.067992 0.064965
0 0.481818 0.622851 0.081439 0.108696
0 0.473674 0.979146 0.032955 0.041709
0 0.783523 0.957280 0.037879 0.083923
0 0.881061 0.776542 0.096591 0.059151
0 0.690720 0.767442 0.058333 0.100101
0 0.765436 0.774520 0.054735 0.050556
0 0.812784 0.737108 0.050189 0.059656
0 0.837027 0.877149 0.040720 0.068756
0 0.690436 0.880940 0.065341 0.064712
0 0.752367 0.873989 0.047917 0.094793
0 0.640246 0.925051 0.034280 0.038675
0 0.642519 0.811805 0.026705 0.057381
0 0.971780 0.664434 0.056439 0.062942
0 0.984848 0.529196 0.029545 0.065470
0 0.700379 0.196031 0.039015 0.021992
0 0.771496 0.243680 0.020265 0.033367
0 0.655398 0.319135 0.103220 0.038170
0 0.614583 0.379676 0.031818 0.061173
0 0.793845 0.023888 0.028598 0.029575
0 0.721117 0.070652 0.025947 0.046764
0 0.143466 0.320273 0.021023 0.040445
1 0.214205 0.627907 0.029924 0.026289
