0 0.052936 0.208797 0.105492 0.189585
0 0.116856 0.172902 0.033712 0.032356
0 0.095833 0.080511 0.024621 0.032609
0 0.652557 0.078615 0.128977 0.125885
0 0.885606 0.055865 0.204924 0.111223
0 0.899432 0.219161 0.071591 0.096057
0 0.843182 0.286780 0.049621 0.068504
0 0.735417 0.633595 0.104545 0.080131
0 0.855682 0.789434 0.095076 0.184530
0 0.863920 0.590875 0.063447 0.211577
0 0.781629 0.918605 0.064015 0.092518
0 0.703030 0.835693 0.028030 0.029323
0 0.642424 0.701593 0.089394 0.123104
0 0.546402 0.344414 0.067424 0.097321
0 0.475758 0.231168 0.057955 0.090748
0 0.428409 0.393959 0.159470 0.246967
0 0.396970 0.099722 0.092803 0.097826
0 0.245455 0.398256 0.131818 0.087209
0 0.211458 0.523256 0.131629 0.162791
0 0.327178 0.474216 0.046023 0.076340
0 0.309091 0.529323 0.047727 0.070779
0 0.373106 0.606041 0.132955 0.107432
0 0.313731 0.748862 0.133523 0.141304
0 0.375947 0.882331 0.075758 0.160516
0 0.449242 0.819515 0.098485 0.143579
0 0.068655 0.968402 0.069129 0.051062
0 0.116288 0.916582 0.056818 0.067240
0 0.178125 0.862235 0.049053 0.067240
0 0.163826 0.762513 0.043182 0.046764
0 0.273485 0.650152 0.069318 0.060162
0 0.506629 0.975228 0.057576 0.049039
0 0.576610 0.845425 0.083902 0.110971
0 0.575095 0.513777 0.153598 0.187816
0 0.074242 0.715369 0.097727 0.144085
