0 0.196591 0.294237 0.075758 0.181496
0 0.306250 0.301188 0.110606 0.128665
0 0.321496 0.670627 0.064583 0.157230
0 0.749905 0.599848 0.068371 0.063195
0 0.850000 0.510617 0.037879 0.062690
0 0.840341 0.699317 0.079545 0.057381
0 0.840341 0.771486 0.047727 0.055612
0 0.732955 0.816608 0.063636 0.192872
0 0.812121 0.825076 0.031818 0.037917
0 0.872443 0.921385 0.057765 0.071790
0 0.505682 0.055865 0.043182 0.097573
0 0.059943 0.069767 0.064205 0.054095
0 0.108333 0.032988 0.041288 0.052831
0 0.034091 0.290824 0.067803 0.095298
0 0.165814 0.815091 0.100189 0.093782
0 0.124053 0.721183 0.089015 0.104651
0 0.238163 0.719161 0.094129 0.047523
0 0.137027 0.945273 0.093371 0.107937
0 0.483902 0.837462 0.053030 0.051062
0 0.394886 0.840875 0.060606 0.061426
0 0.418750 0.767442 0.054167 0.051062
0 0.384564 0.478640 0.045265 0.042214
0 0.494886 0.278438 0.029167 0.042720
0 0.487879 0.222321 0.039015 0.047270
0 0.381345 0.113119 0.052083 0.060415
0 0.451989 0.117417 0.053598 0.036653
0 0.466477 0.144211 0.018182 0.027553
0 0.426420 0.068630 0.029735 0.062942
0 0.346496 0.178210 0.057386 0.065217
0 0.175758 0.080511 0.065152 0.064965
0 0.228125 0.047396 0.067614 0.047776
0 0.248390 0.105536 0.047159 0.064459
0 0.201894 0.159505 0.067424 0.064712
0 0.132197 0.115394 0.043561 0.045248
0 0.268371 0.557255 0.021591 0.025531
0 0.378504 0.624747 0.030492 0.032103
0 0.069129 0.821663 0.079545 0.101365
0 0.051515 0.680485 0.071591 0.074317
0 0.018655 0.469414 0.036932 0.057128
0 0.131345 0.617037 0.087689 0.119312
0 0.722538 0.042214 0.099621 0.071284
0 0.845076 0.052326 0.123485 0.088473
0 0.887784 0.187058 0.066856 0.059656
0 0.895360 0.106421 0.043371 0.098584
