0 0.730871 0.694641 0.112879 0.185541
0 0.663352 0.802578 0.054356 0.058645
0 0.587973 0.748862 0.077841 0.121082
0 0.505777 0.809403 0.149432 0.085945
0 0.256723 0.748989 0.071402 0.118807
0 0.346780 0.600480 0.092803 0.113498
0 0.685890 0.549924 0.067235 0.047776
0 0.681250 0.422396 0.074242 0.077856
0 0.740436 0.388524 0.038826 0.056623
0 0.946591 0.878033 0.106818 0.139282
0 0.682860 0.956016 0.071780 0.087968
0 0.617424 0.921512 0.050379 0.047776
0 0.567992 0.937437 0.040152 0.120576
0 0.162216 0.742417 0.108144 0.152174
0 0.034659 0.701845 0.062500 0.128160
0 0.473580 0.538549 0.050189 0.173660
0 0.530398 0.465243 0.054735 0.079626
0 0.475095 0.339611 0.065341 0.114004
0 0.381534 0.357937 0.103220 0.106168
0 0.362973 0.251769 0.068750 0.070779
0 0.413352 0.151795 0.082386 0.086198
0 0.257386 0.486350 0.073485 0.124874
0 0.745265 0.184151 0.082576 0.125632
0 0.825379 0.164813 0.063636 0.080384
0 0.821496 0.334050 0.068371 0.086704
0 0.285227 0.132836 0.048864 0.088220
0 0.090246 0.128539 0.051326 0.076593
0 0.112216 0.273256 0.126326 0.065723
0 0.015530 0.245829 0.030682 0.043731
0 0.020928 0.162917 0.041477 0.024520
0 0.257197 0.894085 0.038258 0.044995
0 0.280871 0.865647 0.040152 0.043731
0 0.209280 0.855536 0.048485 0.051314
0 0.108333 0.960693 0.094318 0.040192
0 0.116572 0.884353 0.058144 0.064459
0 0.482670 0.986603 0.024811 0.026795
0 0.363920 0.969793 0.025947 0.048281
0 0.334280 0.786400 0.056818 0.077856
0 0.352746 0.704879 0.064205 0.040698
0 0.450852 0.708670 0.055114 0.078615
0 0.411742 0.627781 0.028788 0.064459
0 0.624811 0.858064 0.032955 0.081648
0 0.718371 0.883089 0.036742 0.045753
0 0.584754 0.510870 0.036174 0.061173
0 0.625852 0.557381 0.034280 0.028817
0 0.545360 0.608190 0.045265 0.034378
0 0.673295 0.328362 0.029167 0.037917
0 0.625000 0.362867 0.042045 0.050303
0 0.197064 0.475733 0.048674 0.035895
0 0.184943 0.561678 0.032765 0.078868
0 0.092045 0.610086 0.035227 0.071031
0 0.041193 0.530334 0.026326 0.073812
0 0.049905 0.328236 0.072538 0.069515
0 0.155019 0.338347 0.041477 0.031092
0 0.247727 0.226997 0.031818 0.077351
0 0.290625 0.293605 0.025568 0.027048
0 0.201136 0.297270 0.026894 0.022245
0 0.198106 0.382078 0.029924 0.041709
0 0.287405 0.201972 0.036174 0.035389
0 0.346023 0.193251 0.026894 0.048281
0 0.315814 0.414181 0.028977 0.089232
0 0.530398 0.179348 0.040341 0.060415
0 0.582102 0.244312 0.021780 0.062437
0 0.597064 0.179221 0.027841 0.033367
0 0.522443 0.067872 0.034280 0.043731
0 0.490057 0.016178 0.063068 0.028817
0 0.656913 0.082154 0.025568 0.023256
0 0.748958 0.050683 0.044508 0.100859
