0 0.934754 0.800430 0.130492 0.096815
0 0.938731 0.910137 0.122159 0.178210
0 0.678598 0.661527 0.120455 0.162791
0 0.579451 0.635111 0.080492 0.085693
0 0.574148 0.724848 0.041477 0.068504
0 0.660701 0.446284 0.066856 0.073559
0 0.743182 0.470677 0.047348 0.072295
0 0.931250 0.141810 0.025379 0.045501
0 0.927557 0.049039 0.091477 0.097573
0 0.813068 0.196663 0.091288 0.121840
0 0.444318 0.171638 0.076136 0.109707
0 0.596307 0.108569 0.062311 0.064965
0 0.574337 0.176820 0.038447 0.043225
0 0.539678 0.273761 0.083523 0.101112
0 0.750852 0.307002 0.134659 0.191860
0 0.911837 0.340875 0.052841 0.079120
0 0.044602 0.186931 0.088826 0.173660
0 0.251705 0.060415 0.043939 0.063195
0 0.368845 0.343655 0.089583 0.106926
0 0.298390 0.250885 0.096780 0.065976
0 0.115530 0.313827 0.069318 0.097826
0 0.096402 0.063953 0.123106 0.126390
0 0.183712 0.101871 0.057576 0.129929
0 0.407765 0.782356 0.066667 0.071790
0 0.051610 0.925430 0.045644 0.055612
0 0.269129 0.788423 0.088258 0.089484
0 0.237973 0.690470 0.161932 0.121082
0 0.276042 0.609075 0.022917 0.032103
0 0.372443 0.576213 0.070265 0.090243
0 0.316288 0.476744 0.045455 0.074317
0 0.227178 0.451087 0.080114 0.090748
0 0.255398 0.529828 0.066856 0.092012
0 0.056534 0.630435 0.087311 0.089484
0 0.156629 0.611476 0.056818 0.070273
0 0.144318 0.537285 0.040152 0.064459
0 0.133144 0.832027 0.028788 0.047270
0 0.173295 0.871208 0.037879 0.065470
0 0.328314 0.042973 0.074811 0.066229
0 0.563826 0.452351 0.056818 0.065470
0 0.471023 0.521486 0.040909 0.045501
0 0.396970 0.473584 0.104545 0.071031
0 0.239489 0.300683 0.042614 0.065470
0 0.389015 0.264156 0.072348 0.059151
0 0.977273 0.133468 0.045455 0.080384
