0 0.347727 0.211325 0.083333 0.151163
0 0.553125 0.579626 0.111174 0.160768
0 0.509091 0.698559 0.137879 0.095298
0 0.202083 0.758721 0.087121 0.080131
0 0.773674 0.901289 0.125379 0.162032
0 0.290530 0.301062 0.126136 0.160768
0 0.414678 0.348711 0.121402 0.145349
0 0.398295 0.494186 0.119318 0.126390
0 0.491477 0.412791 0.106439 0.125885
0 0.298201 0.082659 0.068750 0.092012
0 0.713826 0.074317 0.165152 0.143074
0 0.875852 0.040066 0.098295 0.079626
0 0.929830 0.265293 0.093371 0.188322
0 0.820076 0.250506 0.113258 0.295248
0 0.720833 0.208038 0.076136 0.082406
0 0.727936 0.331775 0.055492 0.069515
0 0.632292 0.381825 0.117992 0.206016
0 0.632197 0.524646 0.107576 0.131193
0 0.550284 0.217644 0.092614 0.101618
0 0.539394 0.084429 0.090152 0.144590
0 0.451705 0.177958 0.101136 0.208291
0 0.334470 0.629424 0.132576 0.119312
0 0.316572 0.792973 0.160417 0.203236
0 0.160795 0.570273 0.101894 0.098079
0 0.095549 0.419489 0.064962 0.113498
0 0.178504 0.287412 0.083523 0.090495
0 0.154924 0.091127 0.112121 0.157988
0 0.740814 0.524267 0.116856 0.228514
0 0.874242 0.506572 0.123485 0.168352
0 0.428788 0.604525 0.075379 0.098332
