0 0.183523 0.938953 0.221591 0.122093
0 0.051799 0.844287 0.074053 0.108190
0 0.017140 0.742543 0.033902 0.074065
0 0.087405 0.724722 0.064962 0.093529
0 0.423390 0.478893 0.091098 0.148382
0 0.504735 0.496335 0.074242 0.070526
0 0.483333 0.737993 0.076136 0.176188
0 0.410227 0.834934 0.132576 0.085945
0 0.360227 0.684277 0.096212 0.126896
0 0.155019 0.640546 0.091098 0.050051
0 0.078788 0.575076 0.117803 0.133468
0 0.814773 0.507583 0.081818 0.102629
0 0.837405 0.591759 0.030114 0.043984
0 0.599811 0.693630 0.077273 0.117796
0 0.678220 0.699444 0.083333 0.092518
0 0.572538 0.865268 0.056818 0.153185
0 0.683049 0.913928 0.059280 0.086198
0 0.673769 0.974469 0.209280 0.051062
0 0.387405 0.972573 0.061932 0.054853
0 0.449527 0.591759 0.157008 0.065723
0 0.559280 0.566860 0.093939 0.129676
0 0.506913 0.320652 0.065720 0.096815
0 0.606534 0.285010 0.103598 0.057381
0 0.725758 0.301314 0.080303 0.136502
0 0.749716 0.413043 0.059659 0.066229
0 0.150947 0.213726 0.100000 0.115015
0 0.266383 0.279323 0.039205 0.104146
0 0.187405 0.408493 0.128977 0.139535
0 0.057670 0.337968 0.079356 0.116279
0 0.141193 0.320273 0.065341 0.066734
0 0.057386 0.118554 0.078409 0.173407
0 0.155587 0.082786 0.073295 0.143327
0 0.278788 0.048407 0.023106 0.050303
0 0.322254 0.114383 0.063068 0.128665
0 0.371875 0.077730 0.060038 0.063448
0 0.435985 0.058898 0.023106 0.040445
0 0.229640 0.192492 0.070644 0.125632
0 0.352652 0.308645 0.031439 0.046512
0 0.284470 0.416835 0.064394 0.085440
0 0.683049 0.535768 0.041856 0.035137
0 0.653314 0.600733 0.034280 0.055865
0 0.723769 0.629929 0.092235 0.100607
0 0.781061 0.131825 0.047727 0.050303
0 0.927273 0.066987 0.050379 0.047523
0 0.900758 0.269464 0.057576 0.149141
0 0.608428 0.148761 0.027841 0.038675
0 0.560417 0.242543 0.041288 0.062942
