0 0.634564 0.183771 0.128977 0.182508
0 0.569318 0.343655 0.106061 0.152427
0 0.685795 0.364130 0.125758 0.122093
0 0.601326 0.529828 0.094318 0.126896
0 0.278883 0.821537 0.115720 0.200708
0 0.165530 0.981800 0.035227 0.036400
0 0.179545 0.899393 0.058333 0.052073
0 0.878314 0.955511 0.072917 0.088979
0 0.964015 0.947927 0.032197 0.065723
0 0.902652 0.890293 0.029167 0.066229
0 0.926705 0.816734 0.029167 0.036906
0 0.963731 0.154702 0.072538 0.212841
0 0.753788 0.302705 0.058333 0.060920
0 0.805871 0.393200 0.070076 0.111982
0 0.391951 0.087715 0.052083 0.077856
0 0.042614 0.282482 0.083333 0.327856
0 0.108902 0.246967 0.087879 0.133974
0 0.069792 0.531850 0.073295 0.099596
0 0.097633 0.661653 0.091098 0.110465
0 0.184659 0.564333 0.116667 0.105915
0 0.328788 0.010870 0.057955 0.017189
0 0.788636 0.531850 0.102273 0.118807
0 0.911269 0.589611 0.048674 0.051314
0 0.719129 0.608064 0.058333 0.069009
0 0.979356 0.684909 0.041288 0.053337
0 0.621780 0.742290 0.039015 0.036653
0 0.385322 0.682128 0.034659 0.113498
0 0.378409 0.414687 0.151894 0.238372
0 0.494697 0.584050 0.094697 0.160516
0 0.259091 0.153311 0.033333 0.053337
