0 0.868466 0.253792 0.079356 0.123357
0 0.782292 0.119818 0.060417 0.059656
0 0.802652 0.182002 0.018182 0.034378
0 0.100947 0.079247 0.126515 0.156977
0 0.240530 0.097194 0.146212 0.188827
0 0.447538 0.071537 0.087121 0.085440
0 0.409754 0.267063 0.150189 0.183266
0 0.525947 0.076845 0.048864 0.138018
0 0.599337 0.065470 0.031250 0.056623
0 0.592330 0.208038 0.089962 0.077856
0 0.646496 0.277048 0.036553 0.075834
0 0.068845 0.243049 0.095265 0.138271
0 0.018561 0.314459 0.034091 0.064206
0 0.136458 0.393579 0.055114 0.056117
0 0.192898 0.287791 0.079356 0.069515
0 0.250852 0.414181 0.060417 0.067998
0 0.191856 0.479525 0.096591 0.073812
0 0.187500 0.580258 0.104167 0.127654
0 0.095360 0.632836 0.044508 0.088726
0 0.331155 0.621208 0.046023 0.048787
0 0.407765 0.498610 0.044318 0.047270
0 0.448011 0.443630 0.038068 0.081395
0 0.121212 0.683013 0.052652 0.048028
0 0.173769 0.697927 0.053220 0.068756
0 0.103788 0.774520 0.134848 0.069262
0 0.014394 0.745324 0.028409 0.134226
0 0.493087 0.360718 0.024811 0.053084
0 0.416761 0.582027 0.029356 0.036653
0 0.359848 0.551946 0.051515 0.032103
0 0.814299 0.031977 0.040720 0.029070
0 0.869129 0.014029 0.026515 0.025025
0 0.649716 0.083038 0.037689 0.109960
0 0.685890 0.014156 0.060795 0.027806
0 0.720455 0.210187 0.049242 0.048787
0 0.739962 0.270981 0.036742 0.060667
0 0.755398 0.317872 0.025947 0.017947
0 0.797254 0.370576 0.039583 0.058645
