0 0.796023 0.098332 0.051515 0.075329
0 0.643182 0.293352 0.114773 0.111476
0 0.751705 0.239889 0.089394 0.193630
0 0.644886 0.405586 0.088636 0.105410
0 0.412027 0.433519 0.058144 0.079373
0 0.338731 0.539813 0.048295 0.058392
0 0.309280 0.747219 0.082197 0.049039
0 0.124148 0.804221 0.052841 0.062942
0 0.062500 0.934656 0.068182 0.054853
0 0.301799 0.974848 0.057386 0.050303
0 0.475568 0.954499 0.090152 0.091001
0 0.581534 0.961704 0.065720 0.076593
0 0.898674 0.614510 0.088258 0.074823
0 0.841572 0.437563 0.083144 0.132963
0 0.953409 0.283999 0.056061 0.123610
0 0.867330 0.303463 0.081250 0.135743
0 0.948485 0.426188 0.044318 0.089990
0 0.756818 0.517442 0.061364 0.139535
0 0.651515 0.528691 0.123485 0.130182
0 0.623106 0.642063 0.041288 0.085945
0 0.736269 0.698938 0.160795 0.216380
0 0.631818 0.795501 0.062879 0.122851
0 0.567140 0.674671 0.053977 0.075329
0 0.473580 0.607179 0.021023 0.065723
0 0.542898 0.555991 0.063826 0.100859
0 0.549621 0.435162 0.079167 0.091254
0 0.526610 0.810035 0.151326 0.170121
0 0.644602 0.934277 0.088826 0.119312
0 0.708902 0.882457 0.070833 0.029828
0 0.887121 0.916077 0.082197 0.167846
0 0.348201 0.800683 0.060038 0.099343
0 0.406155 0.700581 0.033144 0.037664
0 0.981061 0.162412 0.037879 0.131193
0 0.885511 0.156724 0.096023 0.120829
0 0.840530 0.697042 0.073485 0.122093
