0 0.826610 0.720046 0.064205 0.062942
0 0.883807 0.673660 0.091477 0.081901
0 0.774337 0.611097 0.077841 0.066987
0 0.557292 0.821916 0.120265 0.094793
0 0.434564 0.835693 0.143750 0.142063
0 0.502841 0.699191 0.129545 0.123357
0 0.569129 0.554601 0.085985 0.105662
0 0.599337 0.474975 0.052841 0.087462
0 0.616004 0.623104 0.054735 0.073306
0 0.675000 0.643074 0.037879 0.040445
0 0.696117 0.717265 0.069508 0.076087
0 0.718371 0.590748 0.051515 0.108696
0 0.062784 0.145096 0.060795 0.090495
0 0.213920 0.141431 0.052841 0.069515
0 0.236364 0.213979 0.028030 0.034631
0 0.678314 0.360339 0.061174 0.127654
0 0.601042 0.278059 0.108144 0.188574
0 0.507860 0.229651 0.083902 0.087209
0 0.503504 0.387133 0.099811 0.156471
0 0.064299 0.237235 0.085795 0.075076
0 0.139110 0.261881 0.058144 0.157735
0 0.191667 0.312310 0.059470 0.070020
0 0.097633 0.385996 0.092614 0.095046
0 0.164962 0.491026 0.085606 0.081648
0 0.219223 0.413296 0.098674 0.146107
0 0.311458 0.370071 0.077841 0.209302
0 0.392424 0.360718 0.088636 0.089484
0 0.398580 0.300177 0.035795 0.048281
0 0.360985 0.249242 0.025758 0.039434
0 0.365625 0.124115 0.147538 0.075834
0 0.272159 0.545501 0.073485 0.097068
0 0.381345 0.537159 0.109659 0.187058
0 0.468845 0.529323 0.050189 0.061173
0 0.376420 0.676694 0.091477 0.059656
0 0.272917 0.731041 0.093182 0.170374
0 0.166761 0.841254 0.050947 0.082912
0 0.198295 0.644338 0.050758 0.073306
0 0.616004 0.914181 0.096780 0.054853
0 0.728883 0.248862 0.047159 0.059909
0 0.797822 0.201340 0.041477 0.075076
0 0.657292 0.154702 0.044508 0.050051
0 0.696402 0.882457 0.034848 0.025278
0 0.884848 0.931244 0.034848 0.040445
0 0.721591 0.985212 0.040909 0.029575
0 0.370265 0.950202 0.089773 0.099596
0 0.065436 0.910389 0.059659 0.037159
0 0.110701 0.944009 0.034659 0.096815
0 0.197443 0.565470 0.064962 0.053589
0 0.641098 0.086704 0.024621 0.050556
0 0.908712 0.028059 0.076136 0.050556
0 0.779735 0.041962 0.071970 0.083418
