0 0.587784 0.256320 0.128220 0.142568
0 0.965720 0.032609 0.045833 0.064712
0 0.237973 0.099216 0.099053 0.133721
0 0.122538 0.180738 0.099621 0.074317
0 0.067330 0.103008 0.022917 0.053337
0 0.269034 0.281471 0.129735 0.156471
0 0.281913 0.433392 0.105492 0.147371
0 0.425852 0.411780 0.129356 0.068251
0 0.434186 0.105157 0.041098 0.069262
0 0.583902 0.057002 0.019697 0.028059
0 0.324811 0.585313 0.126136 0.240394
0 0.421970 0.488372 0.068939 0.066734
0 0.470076 0.555612 0.077273 0.083923
0 0.448295 0.690217 0.084470 0.188827
0 0.527746 0.697295 0.084659 0.158493
0 0.578030 0.824317 0.106439 0.093023
0 0.606250 0.726618 0.075000 0.114004
0 0.674148 0.753033 0.054356 0.033367
0 0.675379 0.704879 0.039773 0.056370
0 0.612879 0.640799 0.062500 0.049039
0 0.655492 0.596183 0.037121 0.046764
0 0.729167 0.486223 0.075000 0.096815
0 0.930303 0.476491 0.138636 0.089484
0 0.970739 0.324949 0.058523 0.152427
0 0.785227 0.264282 0.039394 0.071537
0 0.206534 0.605536 0.033144 0.044237
0 0.292424 0.798660 0.087879 0.069009
0 0.277273 0.932002 0.061742 0.115268
0 0.422633 0.967897 0.049432 0.064206
0 0.852652 0.739510 0.048864 0.080637
0 0.807292 0.880688 0.034659 0.054095
0 0.665436 0.943630 0.059659 0.101618
0 0.568561 0.944767 0.051136 0.110465
0 0.767614 0.805612 0.086742 0.073306
0 0.710606 0.870956 0.093561 0.096309
0 0.738258 0.946284 0.039015 0.049798
0 0.815625 0.463347 0.083523 0.129424
0 0.915720 0.599596 0.069318 0.068756
0 0.890909 0.662917 0.056818 0.080131
0 0.969697 0.677958 0.025758 0.031850
0 0.773485 0.093529 0.057955 0.101112
0 0.831061 0.124747 0.056439 0.081648
0 0.907481 0.104272 0.044886 0.074065
0 0.664773 0.050809 0.025000 0.036906
0 0.693087 0.328109 0.036553 0.068756
0 0.594034 0.458291 0.039962 0.109707
0 0.665246 0.418352 0.054356 0.042973
0 0.633333 0.343908 0.038636 0.043731
0 0.672538 0.218402 0.037500 0.060162
0 0.820265 0.621967 0.048485 0.068504
0 0.900568 0.769085 0.025379 0.030081
0 0.789678 0.694009 0.022538 0.055359
0 0.348390 0.868049 0.029735 0.031345
0 0.341761 0.960061 0.064205 0.079879
0 0.135985 0.892442 0.055682 0.140293
0 0.144318 0.709808 0.064015 0.051567
0 0.228883 0.760364 0.053977 0.077351
0 0.217708 0.700202 0.016856 0.040445
0 0.162879 0.495197 0.025379 0.035895
0 0.112784 0.488119 0.019508 0.028817
0 0.084943 0.258342 0.017992 0.030334
0 0.039773 0.230410 0.050758 0.046764
0 0.119223 0.117543 0.022159 0.030334
0 0.140625 0.032356 0.013447 0.019717
0 0.105019 0.009353 0.012689 0.010617
0 0.340152 0.069135 0.049621 0.075581
