0 0.151326 0.496082 0.089394 0.073559
0 0.077178 0.672270 0.074811 0.078615
0 0.114867 0.746587 0.058523 0.080637
0 0.134186 0.840875 0.086553 0.094287
0 0.221780 0.798660 0.087879 0.118554
0 0.292519 0.696284 0.065720 0.110465
0 0.209375 0.616532 0.058902 0.067240
0 0.086648 0.148129 0.081629 0.057634
0 0.174148 0.224848 0.097159 0.094793
0 0.270833 0.214990 0.081061 0.206522
0 0.201610 0.369186 0.098295 0.107937
0 0.041477 0.360592 0.080303 0.183266
0 0.015152 0.560541 0.029924 0.075076
0 0.297159 0.936678 0.118561 0.126643
0 0.500758 0.915571 0.062879 0.108190
0 0.951610 0.105410 0.056250 0.070779
0 0.928598 0.403691 0.093561 0.060667
0 0.745928 0.575202 0.115720 0.141304
0 0.871591 0.589990 0.083333 0.075329
0 0.570170 0.232558 0.065720 0.093023
0 0.334280 0.065091 0.063636 0.091254
0 0.359659 0.292088 0.076136 0.088220
0 0.340436 0.453109 0.077841 0.210061
0 0.433996 0.359707 0.093750 0.069262
0 0.481345 0.436173 0.075947 0.089737
0 0.427083 0.490015 0.084470 0.105915
0 0.420076 0.576213 0.070076 0.106421
0 0.502273 0.642947 0.137500 0.111982
0 0.574811 0.559909 0.143561 0.120324
0 0.587500 0.706016 0.109091 0.118301
0 0.602841 0.818756 0.107197 0.077351
0 0.435606 0.924924 0.032576 0.047523
0 0.666761 0.917594 0.072159 0.129424
0 0.724621 0.816355 0.055303 0.103893
0 0.811837 0.956901 0.114962 0.076087
0 0.730398 0.710313 0.139205 0.094034
0 0.768655 0.776416 0.036174 0.044742
0 0.829261 0.724722 0.044129 0.057128
0 0.713258 0.096689 0.125379 0.079626
0 0.768087 0.047649 0.128598 0.088726
0 0.789394 0.343529 0.092424 0.151668
0 0.599811 0.061047 0.095833 0.104904
0 0.539583 0.349848 0.046212 0.084429
0 0.619318 0.352755 0.076894 0.056876
0 0.430303 0.256699 0.084470 0.111982
0 0.353883 0.178969 0.049432 0.048534
0 0.490436 0.538296 0.058144 0.111476
0 0.393466 0.728134 0.114583 0.129676
0 0.325095 0.586451 0.052083 0.060667
