0 0.663731 0.513777 0.133144 0.122093
0 0.464394 0.720804 0.107955 0.309656
0 0.580587 0.846057 0.089583 0.091507
0 0.030777 0.850859 0.061174 0.079373
0 0.859091 0.698938 0.133712 0.163296
0 0.640246 0.240774 0.119886 0.136754
0 0.578977 0.025278 0.046591 0.050051
0 0.869034 0.052578 0.069508 0.101618
0 0.841856 0.415066 0.065530 0.224975
0 0.716856 0.373231 0.105303 0.078109
0 0.737689 0.280966 0.064394 0.090748
0 0.450284 0.037159 0.078598 0.073812
0 0.546496 0.595677 0.064583 0.130688
0 0.633712 0.634858 0.109848 0.137765
0 0.698201 0.799419 0.091856 0.151921
0 0.771117 0.860339 0.043750 0.060920
0 0.770076 0.715748 0.034470 0.057381
0 0.778314 0.539055 0.078598 0.111476
0 0.386648 0.787538 0.056250 0.043731
