0 0.594034 0.839737 0.085795 0.099596
0 0.540152 0.940597 0.055682 0.068756
0 0.434943 0.786274 0.053220 0.090243
0 0.502841 0.839863 0.089015 0.054348
0 0.556345 0.715495 0.109659 0.137260
0 0.674337 0.720930 0.124811 0.182508
0 0.676989 0.933645 0.072159 0.125632
0 0.798390 0.980283 0.029735 0.039434
0 0.972538 0.829499 0.054924 0.043731
0 0.823864 0.724975 0.111364 0.079373
0 0.860322 0.642695 0.102841 0.071031
0 0.744886 0.283746 0.057197 0.073559
0 0.957765 0.342265 0.074621 0.148129
0 0.815152 0.424292 0.120455 0.097826
0 0.864205 0.505814 0.063636 0.064206
0 0.937121 0.160263 0.115152 0.098079
0 0.582102 0.063953 0.247538 0.115268
0 0.652652 0.175051 0.112121 0.115521
0 0.751705 0.172902 0.080682 0.144590
0 0.658617 0.304601 0.091856 0.109201
0 0.576799 0.387639 0.168371 0.088220
0 0.704640 0.415192 0.067614 0.108443
0 0.617140 0.498989 0.121023 0.084934
0 0.626799 0.585693 0.129735 0.092518
0 0.728314 0.608443 0.061174 0.068251
0 0.448485 0.651289 0.075379 0.110971
0 0.311932 0.355410 0.075379 0.091507
0 0.280492 0.212588 0.074621 0.110212
0 0.338731 0.052452 0.048295 0.071537
0 0.210322 0.086957 0.023674 0.025278
0 0.118655 0.082280 0.116856 0.107432
0 0.162784 0.229904 0.060795 0.040192
0 0.110417 0.356547 0.087500 0.055865
0 0.267424 0.564712 0.064394 0.089484
0 0.386269 0.584808 0.053977 0.056370
0 0.184754 0.762007 0.039583 0.112993
0 0.275284 0.847700 0.042235 0.038675
0 0.341761 0.960313 0.095644 0.079373
0 0.389110 0.455258 0.091856 0.146613
0 0.464867 0.364636 0.053220 0.167594
0 0.506534 0.553210 0.082386 0.055865
0 0.530682 0.472573 0.077273 0.090748
0 0.442424 0.496461 0.048864 0.068251
0 0.420170 0.135743 0.032386 0.070273
0 0.345076 0.169237 0.037500 0.057381
0 0.387689 0.313574 0.073864 0.104904
0 0.125568 0.650910 0.025379 0.026289
0 0.219129 0.473079 0.080682 0.083670
0 0.893466 0.561299 0.045265 0.028564
