1 0.798674 0.949570 0.143939 0.100859
1 0.925568 0.978261 0.045455 0.043478
1 0.907197 0.770475 0.173485 0.237108
1 0.266288 0.165066 0.155303 0.146613
1 0.302841 0.318630 0.123864 0.185794
1 0.260890 0.456269 0.128977 0.140040
1 0.222254 0.568251 0.069129 0.083923
1 0.366288 0.424039 0.046591 0.066987
1 0.054356 0.309656 0.106061 0.150152
1 0.131155 0.287412 0.044508 0.044489
1 0.103788 0.029575 0.069697 0.058645
1 0.159848 0.109075 0.090530 0.119565
1 0.237500 0.040824 0.135985 0.081143
1 0.371496 0.025152 0.124811 0.047270
1 0.506439 0.059277 0.134848 0.118049
1 0.578788 0.154828 0.107576 0.220677
1 0.500758 0.312058 0.119318 0.156471
1 0.461648 0.452730 0.073674 0.126390
1 0.369697 0.545248 0.094697 0.188574
1 0.447254 0.739762 0.192614 0.253539
1 0.336174 0.692619 0.069697 0.095046
1 0.686648 0.742417 0.251326 0.241153
1 0.549905 0.551441 0.172538 0.228261
1 0.935985 0.478134 0.115152 0.089737
1 0.894886 0.559656 0.075379 0.068251
1 0.795644 0.478387 0.128409 0.214611
1 0.683239 0.532356 0.102462 0.174924
1 0.650947 0.403691 0.167803 0.089484
1 0.816098 0.259479 0.081439 0.082659
1 0.880587 0.289181 0.071023 0.153185
1 0.798390 0.162032 0.122917 0.116279
1 0.750568 0.059909 0.073106 0.074317
1 0.623295 0.022118 0.072727 0.043731
1 0.963447 0.153943 0.073106 0.072295
1 0.938068 0.408367 0.101894 0.062942
1 0.867992 0.620956 0.078409 0.072042
1 0.823769 0.669869 0.025189 0.035895
1 0.426705 0.924924 0.051894 0.057128
1 0.306250 0.949823 0.101136 0.100354
1 0.375758 0.914055 0.040152 0.061678
1 0.462216 0.973837 0.097917 0.052326
0 0.625473 0.962841 0.141477 0.074317
0 0.088258 0.627654 0.176136 0.145096
0 0.231345 0.762892 0.060795 0.127401
0 0.280019 0.651289 0.022917 0.013903
0 0.022348 0.104398 0.044318 0.079373
0 0.888731 0.017442 0.098295 0.027300
0 0.933144 0.070399 0.056439 0.044237