0 0.559564 0.866405 0.067614 0.089232
0 0.611837 0.947169 0.123295 0.105662
0 0.817614 0.812310 0.065530 0.086704
0 0.699337 0.297902 0.092614 0.110971
0 0.639299 0.421259 0.121023 0.164055
0 0.361648 0.064333 0.048295 0.077604
0 0.887121 0.360844 0.067045 0.129171
0 0.825663 0.513777 0.065720 0.088726
0 0.685511 0.643706 0.147917 0.123610
0 0.497254 0.744944 0.189962 0.101112
0 0.415246 0.647750 0.116856 0.102882
0 0.325663 0.799924 0.105114 0.131699
0 0.375852 0.924292 0.064583 0.151416
0 0.904356 0.719793 0.032955 0.045753
0 0.963731 0.759479 0.064205 0.045753
0 0.974716 0.900657 0.036553 0.102123
0 0.675947 0.814080 0.131061 0.192366
0 0.230398 0.356800 0.180871 0.181749
0 0.208333 0.483822 0.112879 0.075834
0 0.332197 0.494439 0.126136 0.083923
0 0.405871 0.404449 0.082197 0.082912
0 0.336174 0.414939 0.026136 0.032609
0 0.337689 0.321790 0.039015 0.050556
0 0.470360 0.310667 0.050568 0.049545
0 0.477936 0.228387 0.027841 0.037664
0 0.430303 0.226997 0.058712 0.121840
0 0.598011 0.174166 0.144508 0.154702
0 0.726989 0.070905 0.066856 0.141304
0 0.763068 0.246335 0.029924 0.089737
0 0.773485 0.320147 0.056061 0.046764
0 0.737216 0.398635 0.047538 0.052073
0 0.760417 0.459302 0.059848 0.043478
0 0.890436 0.228514 0.017614 0.039939
0 0.437595 0.506446 0.067992 0.063448
0 0.513352 0.470046 0.101326 0.129171
0 0.601042 0.560667 0.053598 0.086957
0 0.559564 0.645475 0.046780 0.040698
0 0.240341 0.698812 0.100758 0.208038
0 0.326515 0.597826 0.064394 0.117290
0 0.044697 0.742290 0.085985 0.123104
0 0.090625 0.652174 0.085038 0.091001
0 0.035701 0.870324 0.049811 0.095551
0 0.152178 0.790698 0.067992 0.062184
0 0.216572 0.870703 0.023674 0.044237
0 0.079167 0.434530 0.111364 0.070779
0 0.104072 0.014408 0.045644 0.028311
0 0.130587 0.070399 0.073295 0.077604
0 0.153125 0.130940 0.116098 0.079879
0 0.953220 0.552705 0.067424 0.080637
0 0.535701 0.379424 0.017235 0.024772
0 0.553883 0.315723 0.035038 0.023256
