1 0.421307 0.496335 0.139962 0.213600
1 0.567614 0.450708 0.089394 0.144085
1 0.507292 0.499242 0.052841 0.057128
1 0.516004 0.679601 0.158523 0.183266
1 0.672254 0.711325 0.065341 0.108696
1 0.491572 0.234960 0.108523 0.190849
1 0.455966 0.076593 0.100568 0.114762
1 0.267708 0.098332 0.125568 0.151668
1 0.248580 0.344161 0.097917 0.111982
1 0.455208 0.815344 0.101326 0.116026
1 0.413258 0.875253 0.062121 0.106926
1 0.333902 0.614510 0.078409 0.074317
1 0.282955 0.444262 0.101136 0.095804
1 0.745170 0.934783 0.115341 0.129929
0 0.024811 0.333670 0.045833 0.077351
0 0.041667 0.600228 0.082955 0.120071
0 0.096307 0.458418 0.081250 0.101871
0 0.191288 0.469034 0.050000 0.056370
0 0.132860 0.378413 0.085795 0.099090
0 0.189867 0.228766 0.074053 0.096057
1 0.151610 0.303969 0.073674 0.059909
0 0.634091 0.327604 0.086364 0.147118
0 0.699432 0.397245 0.076515 0.087209
0 0.650379 0.114510 0.041667 0.081395
0 0.707386 0.057508 0.058712 0.084681
0 0.835133 0.046512 0.050947 0.082406
0 0.852273 0.274520 0.110606 0.175935
0 0.957102 0.165066 0.042235 0.111223
0 0.897727 0.393327 0.048485 0.073812
0 0.738826 0.558519 0.042424 0.074065
0 0.791383 0.798028 0.077462 0.119818
0 0.847917 0.809151 0.032197 0.061173
0 0.893845 0.673155 0.029735 0.083418
0 0.638068 0.964611 0.040909 0.070779
0 0.133239 0.817240 0.080492 0.146107
0 0.095076 0.898888 0.092045 0.104651
0 0.215530 0.970677 0.042803 0.056117
0 0.159754 0.993049 0.021023 0.013397
0 0.159186 0.018706 0.061553 0.036906
0 0.158712 0.115774 0.060606 0.120829
0 0.272254 0.545248 0.032765 0.087462
0 0.313731 0.706522 0.032386 0.099596
0 0.483144 0.937816 0.111742 0.124368
