0 0.066477 0.349722 0.048106 0.063448
0 0.166193 0.064965 0.109659 0.117796
0 0.650189 0.334681 0.107955 0.145602
0 0.707765 0.228893 0.129924 0.121082
0 0.824053 0.131193 0.134091 0.140040
0 0.239962 0.312563 0.150379 0.092770
0 0.355398 0.403438 0.090720 0.072295
0 0.421212 0.523382 0.093182 0.156471
0 0.516856 0.645349 0.114773 0.101112
0 0.667424 0.685541 0.168939 0.194135
0 0.729924 0.494565 0.154167 0.222700
0 0.247348 0.834176 0.126515 0.089484
0 0.418655 0.863498 0.163826 0.212336
0 0.611364 0.908367 0.164394 0.183266
0 0.217424 0.209302 0.072727 0.060162
0 0.307008 0.173913 0.081818 0.142063
