1 0.727178 0.361982 0.116098 0.167846
1 0.764867 0.144843 0.150189 0.202730
1 0.606913 0.111603 0.085795 0.145854
0 0.434375 0.537791 0.122917 0.164560
1 0.296970 0.685162 0.057576 0.108443
1 0.534280 0.707027 0.064015 0.076340
1 0.575095 0.758721 0.060038 0.103387
0 0.155966 0.497599 0.130871 0.218655
0 0.198011 0.636122 0.030871 0.032609
0 0.162500 0.626011 0.025000 0.033620
0 0.024811 0.759479 0.049242 0.075076
0 0.091098 0.633595 0.032576 0.035642
0 0.137405 0.674166 0.027841 0.043478
0 0.835890 0.713347 0.111174 0.117796
0 0.788163 0.578994 0.149432 0.191860
0 0.850284 0.318377 0.173674 0.239889
0 0.976420 0.360339 0.047159 0.077604
0 0.953220 0.505056 0.067803 0.092518
0 0.930019 0.185794 0.080114 0.095046
0 0.790341 0.027300 0.073485 0.054095
1 0.865530 0.033746 0.076136 0.054853
0 0.468750 0.035389 0.133333 0.070273
0 0.392140 0.108443 0.042235 0.032861
0 0.377178 0.167973 0.021402 0.029575
0 0.343087 0.247978 0.021780 0.057128
0 0.388447 0.290066 0.021212 0.038170
0 0.380587 0.399267 0.071780 0.106926
0 0.533049 0.257078 0.040720 0.036400
0 0.466004 0.334808 0.020265 0.038170
0 0.489583 0.401163 0.023106 0.042973
0 0.580492 0.425303 0.074242 0.096815
0 0.522917 0.450961 0.050758 0.034884
0 0.659659 0.508974 0.088258 0.157482
1 0.969981 0.716380 0.060038 0.147624
0 0.889394 0.931370 0.123485 0.137260
0 0.865909 0.820399 0.063258 0.080131
0 0.769034 0.871461 0.060417 0.088726
0 0.804261 0.816229 0.047159 0.083418
0 0.767898 0.976744 0.058144 0.046512
