0 0.039678 0.708544 0.078977 0.085440
0 0.046307 0.582154 0.092235 0.160768
0 0.268561 0.894970 0.126515 0.175177
0 0.201610 0.984328 0.061932 0.031345
0 0.131723 0.851871 0.052841 0.052578
0 0.189867 0.922902 0.040720 0.041962
0 0.973580 0.800556 0.052841 0.161780
0 0.807955 0.810794 0.099621 0.080131
0 0.588920 0.715622 0.178220 0.108190
0 0.623580 0.915698 0.159659 0.164055
0 0.464394 0.804601 0.090152 0.084934
0 0.043277 0.135490 0.047538 0.106673
0 0.152746 0.064712 0.123674 0.128918
0 0.243182 0.109707 0.067045 0.131446
0 0.121496 0.202477 0.071023 0.137007
0 0.083428 0.316734 0.160038 0.233569
0 0.151705 0.456775 0.020076 0.032861
0 0.234943 0.607179 0.055114 0.072295
0 0.195928 0.368933 0.072917 0.111982
0 0.298485 0.398509 0.138636 0.308645
0 0.300000 0.175809 0.132955 0.138777
0 0.412405 0.162412 0.090341 0.188322
0 0.414110 0.281218 0.073295 0.065470
0 0.494508 0.245576 0.075379 0.097321
0 0.487121 0.165066 0.056818 0.056117
0 0.584943 0.112867 0.086932 0.129171
0 0.569508 0.266431 0.069318 0.124368
0 0.512784 0.399646 0.153977 0.152679
0 0.413447 0.477250 0.093182 0.135996
0 0.360227 0.588094 0.127652 0.090748
0 0.503504 0.588094 0.093371 0.150910
0 0.604924 0.540445 0.106818 0.142063
0 0.629451 0.420374 0.089962 0.101618
0 0.646591 0.269970 0.075758 0.118301
0 0.701894 0.084302 0.133333 0.168099
0 0.803125 0.204373 0.098674 0.162538
0 0.772064 0.410642 0.078598 0.145854
0 0.837311 0.456901 0.049621 0.088726
0 0.904261 0.461451 0.052841 0.064459
0 0.965341 0.569262 0.039394 0.056623
0 0.882670 0.567113 0.036174 0.052326
0 0.794602 0.571411 0.098674 0.120071
0 0.906723 0.268074 0.096402 0.090748
0 0.911742 0.157103 0.107955 0.106421
0 0.844697 0.036400 0.144697 0.072295
0 0.567519 0.023888 0.122538 0.044742
0 0.429356 0.033241 0.099242 0.065976
0 0.323580 0.046132 0.088068 0.091759
0 0.043939 0.012892 0.024621 0.023761
0 0.192614 0.492796 0.027652 0.104904
0 0.484943 0.931496 0.026705 0.052578
0 0.354640 0.688322 0.084280 0.102123
