0 0.651799 0.843782 0.099053 0.173913
0 0.760795 0.893706 0.041667 0.063953
0 0.577273 0.955890 0.120076 0.088220
0 0.480587 0.980662 0.047538 0.038675
0 0.310322 0.984454 0.038447 0.031092
0 0.347727 0.966380 0.037500 0.067240
0 0.856155 0.649141 0.073295 0.160768
0 0.937027 0.837588 0.078977 0.214105
0 0.947633 0.660010 0.103977 0.092518
0 0.950568 0.540192 0.074621 0.098079
0 0.711648 0.543857 0.166477 0.146360
0 0.522254 0.647497 0.114205 0.162032
0 0.798106 0.330763 0.143561 0.165066
0 0.916572 0.207027 0.108902 0.168352
0 0.961742 0.084176 0.076515 0.077856
0 0.903030 0.025531 0.089773 0.050556
0 0.814394 0.159378 0.093939 0.178716
0 0.616572 0.151036 0.128598 0.145854
0 0.475284 0.089232 0.103977 0.177958
0 0.327746 0.081395 0.138068 0.162285
0 0.081345 0.251138 0.111553 0.166077
0 0.131818 0.348205 0.081818 0.115015
0 0.225000 0.320020 0.067803 0.115268
0 0.270928 0.288675 0.035417 0.082406
0 0.327083 0.375506 0.087879 0.147371
0 0.192235 0.448812 0.051894 0.070020
0 0.262973 0.475733 0.093371 0.125885
0 0.285227 0.596309 0.088258 0.127401
0 0.545549 0.807128 0.028598 0.068251
0 0.469886 0.772497 0.084091 0.074317
0 0.401420 0.719287 0.085038 0.162538
0 0.339110 0.833291 0.083902 0.146360
0 0.235890 0.905334 0.103220 0.103387
0 0.263352 0.792341 0.059659 0.115015
0 0.304830 0.690217 0.070265 0.078615
0 0.123295 0.689965 0.106818 0.202983
0 0.217045 0.623862 0.064394 0.082406
0 0.153314 0.884606 0.046780 0.097321
0 0.526326 0.350101 0.114015 0.159757
0 0.563068 0.478387 0.080303 0.094793
0 0.642708 0.421385 0.080871 0.092518
0 0.452367 0.514661 0.133902 0.094034
0 0.110417 0.075202 0.082576 0.137260
0 0.990341 0.357432 0.019318 0.040950
0 0.982292 0.447295 0.035417 0.036148
0 0.648580 0.690723 0.014205 0.023003
0 0.374053 0.234833 0.106061 0.057634
0 0.378125 0.356800 0.042235 0.055865
0 0.092614 0.944388 0.056818 0.083418
0 0.022159 0.180359 0.043939 0.166582
0 0.012973 0.436173 0.025568 0.048787
0 0.223201 0.154196 0.081629 0.053589
0 0.270928 0.232811 0.083902 0.075834
0 0.161269 0.256067 0.044886 0.082406
0 0.671307 0.278943 0.071023 0.070526
