0 0.750663 0.373989 0.065720 0.097321
0 0.127273 0.487740 0.076136 0.104398
0 0.518371 0.091380 0.069318 0.091254
0 0.927083 0.108696 0.145833 0.216886
0 0.842803 0.279575 0.087121 0.060162
0 0.557292 0.403943 0.070644 0.099090
0 0.592992 0.307634 0.094318 0.127907
0 0.612879 0.574949 0.048864 0.079626
0 0.385701 0.680612 0.091477 0.169616
0 0.428788 0.536780 0.107576 0.115015
0 0.410417 0.431496 0.167803 0.100607
0 0.379167 0.269590 0.089015 0.104904
0 0.477936 0.260996 0.045644 0.071537
0 0.253504 0.812058 0.178598 0.116026
0 0.206534 0.950581 0.115341 0.096309
0 0.560701 0.859075 0.140341 0.146866
0 0.462973 0.949317 0.052841 0.101365
0 0.521402 0.589990 0.087500 0.124874
0 0.626042 0.701593 0.092614 0.156471
0 0.744034 0.556876 0.086174 0.039434
0 0.845644 0.532482 0.075758 0.132204
0 0.946591 0.503665 0.106818 0.265167
0 0.857670 0.704879 0.083902 0.181244
0 0.752367 0.737361 0.104356 0.082912
0 0.756345 0.960313 0.105871 0.079373
0 0.386080 0.908873 0.078598 0.166582
0 0.319981 0.110212 0.043750 0.046006
0 0.286269 0.174671 0.063068 0.114762
0 0.262405 0.058645 0.127083 0.095046
0 0.191288 0.207154 0.029924 0.056370
0 0.170076 0.326972 0.141667 0.120576
0 0.075095 0.091127 0.054735 0.081143
0 0.138163 0.044363 0.067235 0.080637
0 0.051610 0.337083 0.044508 0.048281
0 0.382386 0.192872 0.116288 0.050556
0 0.452652 0.125885 0.048864 0.097068
