0 0.344129 0.529070 0.130682 0.232558
0 0.465057 0.448559 0.081629 0.124621
0 0.427936 0.542594 0.039962 0.089232
0 0.440530 0.617796 0.030682 0.039434
0 0.475379 0.578488 0.045455 0.052831
0 0.585701 0.480030 0.036932 0.056117
0 0.622348 0.408873 0.066288 0.053842
0 0.552746 0.611476 0.033523 0.065723
0 0.593845 0.613498 0.046402 0.070779
0 0.538352 0.705763 0.052462 0.088979
0 0.454735 0.698938 0.069318 0.091507
0 0.360701 0.696411 0.044886 0.071790
0 0.272254 0.411021 0.034659 0.053589
0 0.320076 0.377149 0.049242 0.056623
0 0.805208 0.091507 0.106250 0.067240
0 0.732670 0.449823 0.020265 0.009858
0 0.746591 0.493049 0.026136 0.041203
0 0.685133 0.702351 0.040341 0.070526
0 0.666288 0.540571 0.067803 0.090748
0 0.700758 0.639788 0.028788 0.050556
0 0.740152 0.685920 0.057197 0.106421
0 0.617424 0.786148 0.053409 0.044995
0 0.589962 0.860971 0.062500 0.068251
0 0.832102 0.961325 0.063068 0.077351
0 0.899242 0.826340 0.032576 0.029323
0 0.780777 0.784252 0.055492 0.066481
0 0.885322 0.718655 0.049053 0.108190
0 0.211553 0.767315 0.060606 0.056370
0 0.188920 0.675556 0.035795 0.092770
0 0.153598 0.428589 0.128788 0.099848
0 0.213636 0.816987 0.040530 0.029828
0 0.265152 0.873357 0.073485 0.065217
0 0.273580 0.945399 0.085795 0.074317
0 0.272727 0.771992 0.058333 0.062690
0 0.384186 0.942998 0.050568 0.069009
0 0.619508 0.224722 0.220076 0.177452
0 0.438826 0.156977 0.096212 0.144085
0 0.142235 0.179601 0.026136 0.045248
0 0.232102 0.128539 0.035038 0.044237
0 0.347917 0.068377 0.030682 0.038675
0 0.070076 0.274772 0.034848 0.033367
0 0.144223 0.923660 0.104356 0.118807
0 0.183902 0.975101 0.076515 0.049798
0 0.046875 0.864510 0.078977 0.124368
0 0.133333 0.821284 0.064015 0.110718
0 0.068939 0.948686 0.035985 0.057128
0 0.016761 0.723837 0.033144 0.059403
0 0.069129 0.590243 0.057197 0.035895
0 0.538636 0.392063 0.044318 0.083923
0 0.464015 0.363372 0.073485 0.045753
0 0.417330 0.305991 0.066856 0.070020
0 0.319697 0.315091 0.018561 0.054853
0 0.360606 0.258847 0.038258 0.092012
0 0.292140 0.214863 0.065720 0.084429
0 0.281345 0.144717 0.047917 0.054853
0 0.225473 0.210187 0.056250 0.062437
0 0.825284 0.409631 0.058523 0.072548
0 0.899053 0.254044 0.087500 0.058645
0 0.951799 0.146613 0.096402 0.068251
0 0.933523 0.941481 0.045076 0.073559
0 0.767519 0.569515 0.078220 0.090495
0 0.860985 0.525152 0.062879 0.046764
0 0.970360 0.380435 0.028598 0.058645
0 0.894413 0.333291 0.039962 0.020475
0 0.654924 0.332659 0.096212 0.035895
0 0.681439 0.471436 0.021212 0.042467
0 0.979830 0.292594 0.038068 0.070526
0 0.794886 0.500253 0.014773 0.058140
0 0.829830 0.666456 0.028220 0.054348
0 0.674527 0.945020 0.132008 0.109960
0 0.551610 0.951340 0.128220 0.097321
0 0.449337 0.870576 0.035038 0.060162
0 0.428504 0.789181 0.100189 0.107179
0 0.509091 0.873610 0.056818 0.069262
0 0.514773 0.827351 0.017803 0.019717
0 0.613258 0.693883 0.064773 0.082912
0 0.644981 0.736855 0.041856 0.041456
0 0.078598 0.148509 0.037879 0.055359
0 0.095455 0.299545 0.020076 0.023761
0 0.095739 0.341633 0.032386 0.025025
0 0.039678 0.334050 0.034659 0.021992
0 0.020928 0.295627 0.030492 0.037159
