1 0.308902 0.115774 0.065152 0.090495
0 0.235227 0.097068 0.042803 0.102629
0 0.164015 0.053716 0.092803 0.106926
0 0.144413 0.163170 0.111553 0.121082
1 0.507197 0.051441 0.139394 0.102376
0 0.515057 0.175683 0.038447 0.058645
1 0.523769 0.105410 0.038068 0.052578
1 0.771402 0.066229 0.133712 0.124874
0 0.776326 0.181244 0.043182 0.064712
1 0.538163 0.294616 0.122159 0.153943
0 0.540341 0.401416 0.039394 0.046512
0 0.484564 0.516052 0.106629 0.133721
0 0.661932 0.400531 0.085606 0.102882
1 0.835985 0.286148 0.127273 0.169363
0 0.766667 0.453236 0.089394 0.071790
0 0.848769 0.441608 0.115341 0.158746
0 0.797727 0.598079 0.110606 0.176441
0 0.725095 0.533241 0.061174 0.076593
0 0.659470 0.494060 0.048485 0.070020
0 0.622633 0.530334 0.040720 0.061678
0 0.578220 0.632331 0.093939 0.198433
0 0.675095 0.732685 0.141856 0.135238
1 0.884470 0.788423 0.093182 0.190597
1 0.802273 0.971057 0.133333 0.057887
1 0.851326 0.923155 0.057955 0.093529
1 0.932197 0.965622 0.092424 0.068251
0 0.370739 0.411148 0.097159 0.095804
0 0.398011 0.485971 0.068750 0.043731
0 0.407860 0.588347 0.065341 0.077604
0 0.264299 0.550430 0.143750 0.141304
0 0.287311 0.732053 0.156061 0.133468
0 0.382576 0.812690 0.112121 0.205258
0 0.421686 0.960061 0.040341 0.067240
0 0.476231 0.741153 0.059659 0.130940
0 0.282102 0.970046 0.086174 0.059909
0 0.067898 0.934530 0.064962 0.089484
0 0.114299 0.822801 0.126326 0.082912
0 0.219886 0.231421 0.053409 0.062942
0 0.058239 0.088600 0.105492 0.129676
0 0.017330 0.220425 0.034280 0.120324
0 0.214394 0.392442 0.175000 0.141810
0 0.359470 0.533241 0.025379 0.091254
1 0.419792 0.249242 0.063826 0.073306
0 0.409470 0.302326 0.030303 0.049039
0 0.358523 0.214611 0.051515 0.051062
0 0.318655 0.249874 0.061932 0.122599
0 0.025758 0.506067 0.045076 0.090495
0 0.092898 0.451972 0.093750 0.169869
0 0.126231 0.553084 0.045644 0.048534
0 0.163163 0.601239 0.065341 0.091254
0 0.162595 0.690597 0.067235 0.086957
0 0.012595 0.783241 0.024811 0.105410
0 0.057860 0.733696 0.016856 0.029070
0 0.195549 0.925683 0.048674 0.070779
0 0.681629 0.954247 0.051894 0.091507
0 0.758807 0.848332 0.027841 0.039939
0 0.691004 0.848332 0.021023 0.013145
0 0.570360 0.879424 0.034659 0.035389
0 0.488447 0.858064 0.055303 0.080637
0 0.666004 0.089232 0.067992 0.039939
0 0.666383 0.182508 0.027083 0.053084
0 0.860417 0.087968 0.019697 0.031345
1 0.623011 0.314965 0.068750 0.094034
1 0.965625 0.744944 0.049053 0.099090
1 0.753314 0.360339 0.078220 0.094793
