0 0.187879 0.057508 0.119318 0.114510
0 0.424716 0.298407 0.077083 0.097321
0 0.302557 0.383595 0.058144 0.067492
0 0.358617 0.386881 0.049053 0.062942
0 0.291383 0.288423 0.046402 0.060667
0 0.564205 0.293225 0.073485 0.151163
0 0.488826 0.339611 0.064773 0.098837
0 0.821780 0.874494 0.105303 0.155966
0 0.765720 0.643706 0.109091 0.114510
0 0.830587 0.753160 0.038447 0.094793
0 0.782955 0.744312 0.059091 0.083670
0 0.711364 0.736603 0.080682 0.069767
0 0.871117 0.562058 0.047159 0.064459
0 0.936648 0.723964 0.026705 0.047017
0 0.944034 0.605789 0.029735 0.032103
1 0.925284 0.963600 0.059659 0.072801
0 0.073106 0.462588 0.091667 0.092518
0 0.023958 0.589611 0.047538 0.128665
0 0.118466 0.589232 0.130114 0.155207
0 0.055114 0.766052 0.069697 0.084681
0 0.027936 0.823433 0.055492 0.107937
0 0.134754 0.896234 0.060417 0.045753
0 0.103504 0.959050 0.040341 0.023256
1 0.233902 0.940344 0.118939 0.119312
0 0.276042 0.837336 0.070265 0.097321
0 0.119602 0.732685 0.090341 0.138777
0 0.195833 0.845046 0.067803 0.033873
0 0.197159 0.776163 0.059091 0.061426
0 0.254640 0.512765 0.068750 0.058392
0 0.258333 0.623231 0.149621 0.143327
1 0.348958 0.757963 0.120644 0.154954
0 0.371023 0.865774 0.033712 0.043478
1 0.434470 0.951972 0.092045 0.096057
0 0.505114 0.887260 0.048106 0.085440
0 0.496970 0.809151 0.036364 0.036906
0 0.498485 0.737235 0.050758 0.075581
0 0.566004 0.711072 0.057386 0.042973
0 0.616383 0.687058 0.016856 0.030839
0 0.666383 0.966507 0.072917 0.066481
0 0.486932 0.525152 0.086364 0.073054
0 0.403220 0.156977 0.067424 0.111223
0 0.471780 0.176694 0.066288 0.041962
0 0.613447 0.046764 0.030682 0.054095
0 0.816004 0.186047 0.047917 0.114257
0 0.882481 0.203236 0.034659 0.051062
0 0.866004 0.277048 0.033144 0.039434
0 0.935417 0.195779 0.044318 0.053337
0 0.646117 0.351871 0.086553 0.047523
0 0.649905 0.452983 0.030114 0.043984
0 0.657576 0.506320 0.044318 0.025784
0 0.800095 0.579752 0.021023 0.026542
0 0.736648 0.466507 0.056250 0.071537
0 0.731155 0.326972 0.018750 0.060415
0 0.642898 0.101871 0.046780 0.044995
0 0.687027 0.094414 0.049432 0.095298
0 0.697538 0.181117 0.131061 0.084176
0 0.763731 0.034252 0.052083 0.067998
0 0.332765 0.024520 0.076894 0.032356
0 0.334564 0.071158 0.054356 0.045753
0 0.320833 0.173787 0.080303 0.125126
0 0.361648 0.242037 0.040341 0.044742
0 0.342898 0.312690 0.052841 0.074317
0 0.255682 0.107053 0.039394 0.120071
0 0.094508 0.075329 0.031439 0.061678
0 0.150095 0.273509 0.042614 0.081901
0 0.009470 0.333797 0.018561 0.066987
0 0.416856 0.033241 0.043182 0.045753
0 0.454167 0.054980 0.031818 0.066481
0 0.539394 0.052705 0.040530 0.040698
0 0.538826 0.193124 0.020076 0.034884
0 0.463920 0.642695 0.041856 0.032103
0 0.341667 0.553337 0.062879 0.060667
1 0.381818 0.635870 0.073106 0.092770
0 0.442519 0.862740 0.061553 0.060162
0 0.489394 0.674924 0.022348 0.018200
0 0.504167 0.607558 0.014015 0.019970
0 0.563352 0.616279 0.043750 0.052578
