0 0.415720 0.972068 0.087879 0.055865
0 0.735417 0.328488 0.134848 0.141304
0 0.625663 0.119818 0.091098 0.134985
0 0.697917 0.183645 0.074621 0.052831
0 0.793182 0.179348 0.062879 0.053842
0 0.754924 0.066102 0.123864 0.131699
0 0.936553 0.166456 0.126136 0.105410
0 0.518371 0.347700 0.120076 0.131193
0 0.464867 0.120197 0.146780 0.097826
0 0.364962 0.028438 0.072727 0.056370
0 0.552841 0.040571 0.058333 0.080637
0 0.053598 0.035768 0.060985 0.071031
0 0.220455 0.072548 0.051894 0.058645
0 0.112311 0.839990 0.113636 0.116785
0 0.272159 0.783493 0.165152 0.233822
0 0.371591 0.645096 0.087500 0.159252
0 0.348769 0.536653 0.081250 0.066229
0 0.279830 0.618680 0.097538 0.128160
0 0.475473 0.472952 0.160795 0.116279
0 0.418655 0.346562 0.086553 0.137513
0 0.451799 0.277932 0.054356 0.078109
0 0.361269 0.180612 0.088826 0.081143
0 0.317330 0.273382 0.128977 0.221689
0 0.324811 0.446158 0.112500 0.125885
0 0.198674 0.446537 0.168939 0.206522
0 0.173011 0.249747 0.041856 0.046006
0 0.127746 0.126390 0.121402 0.194135
0 0.154356 0.663549 0.119697 0.194135
0 0.045928 0.637892 0.091477 0.097321
0 0.028788 0.524393 0.057197 0.140293
0 0.057008 0.349343 0.109470 0.159252
0 0.412027 0.854019 0.105492 0.091759
0 0.507386 0.696158 0.196970 0.354904
0 0.647538 0.731168 0.088258 0.171132
0 0.645928 0.613119 0.048674 0.063953
0 0.591193 0.422649 0.115720 0.151163
0 0.697917 0.493175 0.089773 0.152174
0 0.758144 0.545501 0.080682 0.141052
0 0.892614 0.623483 0.208333 0.173155
0 0.922254 0.775278 0.117614 0.159252
0 0.811553 0.852882 0.076894 0.216886
0 0.923580 0.927578 0.152841 0.140293
0 0.693655 0.907735 0.158523 0.184530
0 0.862973 0.398256 0.133902 0.171132
0 0.607292 0.252781 0.172159 0.101618
