0 0.286269 0.953362 0.107008 0.093276
0 0.359280 0.911906 0.050758 0.072548
0 0.492519 0.965495 0.050189 0.069009
0 0.545076 0.964232 0.055682 0.071537
0 0.503220 0.742164 0.094697 0.134985
0 0.401420 0.725986 0.117235 0.125379
0 0.387311 0.842391 0.118939 0.070020
0 0.582292 0.882457 0.046402 0.077856
0 0.289962 0.838600 0.075000 0.123610
0 0.191761 0.846436 0.110795 0.114510
0 0.195076 0.726618 0.096212 0.079120
0 0.128977 0.756699 0.086742 0.062942
0 0.315720 0.552705 0.079924 0.088726
0 0.589773 0.656345 0.106439 0.105410
0 0.669413 0.661400 0.048674 0.107937
0 0.628030 0.763650 0.144318 0.120829
0 0.603409 0.508089 0.036364 0.050051
0 0.572822 0.425935 0.080492 0.177958
0 0.506534 0.431876 0.077083 0.089737
0 0.503693 0.515925 0.066477 0.090495
0 0.464299 0.556496 0.079356 0.122093
0 0.508144 0.616026 0.048864 0.084934
0 0.413163 0.601744 0.123295 0.120071
0 0.416667 0.415698 0.101894 0.158493
0 0.463163 0.280207 0.046023 0.096309
0 0.541572 0.279070 0.071402 0.091001
0 0.566193 0.242796 0.067992 0.065470
0 0.558144 0.164687 0.093939 0.088220
0 0.367708 0.188448 0.059659 0.078615
0 0.432008 0.178969 0.069697 0.134985
0 0.306534 0.273635 0.085417 0.069515
0 0.390530 0.291709 0.082576 0.093529
0 0.314299 0.456775 0.074432 0.109707
0 0.318466 0.371587 0.085417 0.052073
0 0.269602 0.329626 0.047159 0.043478
0 0.678788 0.263145 0.120076 0.134479
0 0.671496 0.366785 0.086174 0.069262
0 0.668561 0.445147 0.080303 0.101618
0 0.737500 0.459302 0.075379 0.108190
0 0.747064 0.550935 0.058523 0.093782
0 0.749242 0.653691 0.088636 0.107685
0 0.737405 0.793857 0.097159 0.165066
0 0.805303 0.908114 0.070076 0.112993
0 0.890152 0.920121 0.070455 0.073812
0 0.861553 0.848711 0.052652 0.070526
0 0.855682 0.603893 0.076515 0.094034
0 0.850663 0.506825 0.114962 0.127907
0 0.911553 0.368301 0.101136 0.095046
0 0.834943 0.224216 0.069886 0.072801
0 0.925663 0.175303 0.077841 0.081143
0 0.954830 0.100859 0.049811 0.066734
0 0.885322 0.060162 0.063447 0.041456
0 0.743655 0.082533 0.083902 0.071031
0 0.826894 0.139282 0.056818 0.060667
0 0.742898 0.143706 0.047538 0.055865
0 0.686837 0.185667 0.064583 0.038675
0 0.338636 0.093150 0.025758 0.055865
0 0.287121 0.140040 0.062121 0.077351
0 0.253504 0.210440 0.077841 0.061426
0 0.194318 0.063448 0.126136 0.102629
0 0.106913 0.207280 0.091856 0.065723
0 0.131345 0.352503 0.130871 0.114004
0 0.185227 0.430991 0.050758 0.052578
0 0.112216 0.490142 0.077462 0.111729
0 0.096117 0.612235 0.061174 0.119312
0 0.174716 0.562563 0.072538 0.056370
0 0.251042 0.499242 0.064205 0.059151
0 0.278598 0.640672 0.062121 0.053842
0 0.305492 0.719287 0.082576 0.115015
0 0.062405 0.869312 0.016477 0.026795
0 0.081818 0.922017 0.019697 0.029070
0 0.154924 0.972573 0.067803 0.054853
0 0.067898 0.748610 0.041856 0.045753
0 0.444886 0.039687 0.105303 0.074823
0 0.385038 0.105662 0.054167 0.057128
0 0.899432 0.253160 0.094697 0.070526
0 0.807292 0.358316 0.047538 0.079626
0 0.925095 0.568504 0.047538 0.041456
0 0.964489 0.633721 0.067614 0.100101
0 0.926420 0.788170 0.091477 0.145096
0 0.656250 0.903185 0.075758 0.158241
0 0.730777 0.941355 0.091856 0.109707
