0 0.600568 0.655334 0.114394 0.181244
0 0.909470 0.380435 0.081061 0.091001
0 0.953788 0.072927 0.064015 0.139282
0 0.883239 0.024899 0.047917 0.049292
0 0.866288 0.084429 0.039773 0.063195
0 0.820455 0.133089 0.068182 0.098332
0 0.742708 0.069009 0.030114 0.033873
0 0.610133 0.092265 0.122159 0.107179
0 0.401799 0.057128 0.109280 0.113751
0 0.255492 0.126138 0.044697 0.060667
0 0.301799 0.070652 0.070644 0.114510
0 0.209091 0.081143 0.070455 0.153691
0 0.192803 0.223964 0.037121 0.098584
0 0.222254 0.319135 0.038826 0.047776
0 0.346686 0.386122 0.034659 0.063448
0 0.708807 0.734328 0.035038 0.059656
1 0.788258 0.800683 0.125000 0.176694
1 0.510890 0.767442 0.142235 0.168352
1 0.456534 0.532861 0.117235 0.156218
0 0.446402 0.893832 0.126894 0.102123
0 0.375000 0.976112 0.035227 0.047776
0 0.570170 0.956016 0.066856 0.087968
0 0.590625 0.902048 0.033144 0.044742
0 0.635985 0.895981 0.021591 0.065470
0 0.709943 0.871587 0.041856 0.064712
0 0.793466 0.941355 0.124053 0.117290
0 0.965246 0.668352 0.058902 0.071284
0 0.846212 0.549419 0.068182 0.087209
0 0.905587 0.592770 0.038447 0.047017
0 0.946307 0.580763 0.046780 0.062942
0 0.985511 0.257331 0.028977 0.043984
0 0.900379 0.244944 0.032197 0.055106
0 0.858333 0.223458 0.062500 0.065217
0 0.676326 0.248357 0.043182 0.090748
0 0.631818 0.302326 0.046591 0.058140
0 0.578314 0.265799 0.055871 0.091254
0 0.527652 0.220804 0.035606 0.080131
1 0.555208 0.449317 0.091856 0.092265
1 0.462121 0.419742 0.051136 0.061931
0 0.527178 0.351239 0.107386 0.086704
0 0.629356 0.406092 0.068182 0.090748
0 0.416477 0.303084 0.043561 0.060667
0 0.458712 0.251138 0.086742 0.101871
0 0.453977 0.344414 0.033333 0.094287
0 0.417708 0.387639 0.036174 0.035642
0 0.373295 0.424924 0.015152 0.032356
0 0.332670 0.534252 0.028220 0.044742
0 0.111269 0.512892 0.033523 0.084429
0 0.035038 0.912159 0.014773 0.049292
0 0.068466 0.887386 0.027841 0.019464
0 0.894413 0.811299 0.048295 0.040192
0 0.918277 0.967770 0.028598 0.044742
0 0.764678 0.650404 0.066856 0.092012
0 0.794697 0.348837 0.087879 0.086957
0 0.796307 0.270349 0.088826 0.079120
0 0.702841 0.322169 0.018939 0.019970
0 0.703220 0.388777 0.054167 0.099596
0 0.751610 0.409378 0.038826 0.050303
0 0.825095 0.408999 0.017235 0.047017
0 0.872917 0.323433 0.069697 0.063448
0 0.733523 0.230030 0.035227 0.056623
0 0.799527 0.204499 0.050947 0.036400
0 0.737027 0.139156 0.049053 0.062942
0 0.692803 0.112614 0.041288 0.049292
0 0.680587 0.176062 0.045265 0.051314
0 0.474811 0.172396 0.068182 0.064206
0 0.505208 0.139535 0.046023 0.041962
