0 0.065341 0.889535 0.130303 0.193124
0 0.123958 0.765040 0.041477 0.051314
0 0.213068 0.724469 0.064015 0.165319
0 0.264489 0.579247 0.133144 0.234328
0 0.181534 0.491785 0.067614 0.074570
0 0.170549 0.574823 0.057765 0.064206
0 0.351231 0.713347 0.089583 0.147624
0 0.607481 0.764282 0.144508 0.205511
0 0.573485 0.900531 0.062879 0.090243
0 0.540436 0.959429 0.097159 0.080637
0 0.664015 0.943504 0.118182 0.112993
0 0.775663 0.943124 0.096780 0.113751
0 0.954261 0.920248 0.091477 0.159505
0 0.950379 0.689333 0.099242 0.263903
0 0.658996 0.341254 0.076326 0.103134
0 0.356629 0.495576 0.046591 0.053337
0 0.401799 0.501769 0.049811 0.063701
0 0.478598 0.453488 0.033333 0.137513
0 0.503314 0.312816 0.036174 0.040698
0 0.410701 0.362487 0.076705 0.078868
0 0.655682 0.141936 0.048485 0.044742
0 0.580966 0.150657 0.049811 0.089990
0 0.382576 0.060920 0.165530 0.121335
0 0.254640 0.099090 0.105114 0.142568
0 0.148106 0.085313 0.101515 0.170121
0 0.081061 0.194894 0.058712 0.218402
0 0.216477 0.257457 0.065909 0.125126
0 0.216477 0.361603 0.039773 0.065470
0 0.322822 0.272750 0.039205 0.141557
0 0.410985 0.227882 0.122727 0.104398
0 0.404640 0.429474 0.011553 0.012639
0 0.393655 0.457280 0.011174 0.011122
0 0.418750 0.453868 0.007197 0.023003
0 0.364299 0.423534 0.016477 0.022497
0 0.440625 0.724090 0.084659 0.123104
0 0.510322 0.788802 0.055492 0.044237
0 0.396117 0.828362 0.050947 0.038928
0 0.256818 0.817113 0.049242 0.066987
0 0.624242 0.045880 0.026515 0.026036
0 0.610985 0.239889 0.059470 0.097068
0 0.795739 0.411021 0.079735 0.039434
0 0.737784 0.624368 0.027841 0.035895
