0 0.383049 0.703109 0.074053 0.132204
0 0.544413 0.189712 0.092992 0.131699
0 0.904261 0.064965 0.066477 0.101618
0 0.841856 0.123610 0.036742 0.043478
0 0.491383 0.061552 0.053977 0.087209
0 0.255208 0.230662 0.135417 0.102882
0 0.211364 0.346309 0.124242 0.151163
0 0.367235 0.378286 0.132955 0.194894
0 0.299811 0.545248 0.163258 0.209302
0 0.276894 0.678969 0.081061 0.058140
0 0.053409 0.852376 0.102273 0.158746
0 0.104924 0.943504 0.103030 0.112993
0 0.204924 0.964737 0.049242 0.070526
0 0.327746 0.968023 0.088447 0.063953
0 0.441004 0.841001 0.079735 0.110212
0 0.565530 0.905586 0.145833 0.188827
0 0.631629 0.783493 0.100000 0.064965
0 0.459186 0.646107 0.109659 0.107685
0 0.464773 0.500885 0.045076 0.074065
0 0.647159 0.516810 0.114773 0.114510
0 0.752746 0.441229 0.102841 0.104398
0 0.626610 0.340369 0.065720 0.164055
0 0.547822 0.361982 0.078977 0.100607
0 0.856723 0.654954 0.077083 0.110212
0 0.783807 0.730410 0.079356 0.104904
0 0.893750 0.499621 0.074621 0.162032
0 0.575852 0.656850 0.095644 0.123610
0 0.676799 0.649646 0.091098 0.048028
0 0.152273 0.490900 0.094697 0.127401
0 0.168277 0.673913 0.086932 0.068251
0 0.123106 0.750506 0.062121 0.092518
0 0.206250 0.839990 0.089015 0.135996
0 0.070265 0.074191 0.137879 0.147877
