0 0.837784 0.854651 0.105871 0.134985
0 0.106250 0.588220 0.070076 0.075834
0 0.159186 0.082154 0.215720 0.150152
0 0.225284 0.227629 0.093750 0.121587
0 0.245833 0.428337 0.139773 0.280839
0 0.372538 0.297776 0.165909 0.311426
0 0.230303 0.728387 0.061364 0.062437
0 0.501705 0.176820 0.113258 0.256572
0 0.555398 0.403311 0.222538 0.277806
0 0.787879 0.323433 0.088258 0.176188
0 0.851894 0.109580 0.060985 0.138271
0 0.732481 0.605536 0.110417 0.355662
0 0.566761 0.656724 0.199053 0.236097
0 0.394886 0.679727 0.151136 0.352376
0 0.331629 0.870197 0.101136 0.124115
0 0.173674 0.614130 0.088258 0.125126
0 0.116667 0.498483 0.114394 0.087462
0 0.124337 0.344666 0.086174 0.071537
0 0.856913 0.706648 0.105492 0.213600
0 0.666856 0.116405 0.160227 0.149393
0 0.713447 0.226744 0.060606 0.075834
0 0.618466 0.888271 0.301326 0.223458
0 0.073390 0.866658 0.072159 0.152932
