0 0.173201 0.947169 0.153220 0.105662
0 0.103220 0.857432 0.079924 0.092518
0 0.032955 0.886249 0.065530 0.121335
0 0.368561 0.847700 0.057955 0.105410
0 0.780682 0.512260 0.073485 0.119565
0 0.247064 0.775152 0.075568 0.109960
0 0.302652 0.685415 0.057955 0.095804
0 0.095739 0.773888 0.049053 0.071537
0 0.137311 0.719414 0.039394 0.065217
0 0.144792 0.666330 0.032765 0.042973
0 0.167424 0.592139 0.050000 0.084176
0 0.087121 0.552958 0.108712 0.066987
0 0.066951 0.321411 0.059659 0.073054
0 0.021591 0.270981 0.040909 0.110212
0 0.960606 0.241785 0.078409 0.123610
0 0.695076 0.333165 0.068182 0.112740
0 0.468277 0.858696 0.031250 0.059656
0 0.490814 0.920880 0.068371 0.097068
0 0.548958 0.865142 0.049053 0.135238
0 0.593655 0.876517 0.048674 0.058392
0 0.605871 0.792594 0.068182 0.099343
0 0.669792 0.742796 0.054356 0.083670
0 0.673674 0.833418 0.065909 0.093529
0 0.253788 0.526416 0.083712 0.061426
0 0.258523 0.596057 0.032197 0.084934
0 0.326705 0.529070 0.057197 0.078362
0 0.257386 0.423155 0.050000 0.072295
0 0.352841 0.434151 0.098485 0.116532
0 0.387027 0.559783 0.066856 0.142821
0 0.405682 0.670880 0.044697 0.048534
0 0.441004 0.585061 0.054356 0.066481
0 0.694602 0.441608 0.079356 0.094034
0 0.616004 0.476239 0.129735 0.097068
0 0.600947 0.603893 0.065909 0.101618
0 0.670455 0.642063 0.067424 0.088979
0 0.731629 0.685415 0.046591 0.126138
0 0.736458 0.787159 0.081250 0.072295
0 0.538352 0.950329 0.029356 0.038170
0 0.575189 0.983696 0.064394 0.032609
0 0.614489 0.938322 0.055114 0.061173
0 0.667519 0.894338 0.058144 0.025784
0 0.699527 0.973332 0.072159 0.053337
0 0.755398 0.871335 0.059659 0.047523
0 0.768277 0.933519 0.070644 0.069767
0 0.824527 0.894970 0.061932 0.136249
0 0.897727 0.982432 0.034470 0.035137
0 0.900758 0.886881 0.034091 0.072042
0 0.873201 0.787791 0.115341 0.097321
0 0.672727 0.548787 0.092803 0.051567
0 0.682955 0.584429 0.035985 0.033873
0 0.748958 0.575708 0.061932 0.088220
0 0.809091 0.598964 0.055303 0.059403
0 0.839773 0.550051 0.050000 0.080384
0 0.831629 0.686047 0.050000 0.102123
0 0.782576 0.693251 0.054545 0.038170
0 0.922538 0.629424 0.096212 0.121335
0 0.840246 0.317240 0.118750 0.208797
0 0.861932 0.447422 0.064394 0.052578
0 0.925379 0.389156 0.048106 0.178210
0 0.798580 0.066608 0.078977 0.091759
0 0.893466 0.040192 0.107765 0.079879
0 0.847822 0.137513 0.058144 0.098584
0 0.776610 0.171132 0.093750 0.082912
0 0.697159 0.072422 0.076894 0.102882
0 0.624811 0.184151 0.077273 0.084176
0 0.595076 0.124874 0.085606 0.075329
0 0.568466 0.033873 0.100568 0.067240
0 0.629072 0.287159 0.063447 0.079879
0 0.613447 0.377149 0.065909 0.078868
0 0.558523 0.340243 0.058333 0.112235
0 0.490720 0.394338 0.076515 0.105662
0 0.524716 0.460440 0.034659 0.027553
0 0.534470 0.516052 0.032197 0.077604
0 0.427273 0.436805 0.048106 0.152174
0 0.306439 0.120956 0.071591 0.095804
0 0.422254 0.129424 0.045265 0.095551
0 0.359470 0.059783 0.062879 0.061931
0 0.235417 0.146234 0.063258 0.117037
0 0.304735 0.198054 0.067424 0.040698
0 0.470360 0.246335 0.109659 0.136249
0 0.520076 0.144338 0.070455 0.079879
0 0.563542 0.222321 0.066856 0.076593
0 0.164489 0.055233 0.030114 0.060920
0 0.184470 0.806876 0.023485 0.031850
0 0.200758 0.866785 0.039394 0.031850
0 0.352273 0.794616 0.067803 0.054853
0 0.415720 0.802073 0.035985 0.046006
0 0.445455 0.710693 0.036364 0.044237
0 0.465530 0.768959 0.120076 0.064206
0 0.545644 0.728514 0.057197 0.120829
0 0.488542 0.672776 0.061932 0.129676
0 0.492898 0.530081 0.050189 0.118807
0 0.435985 0.530966 0.028409 0.034125
0 0.356818 0.645602 0.026894 0.040950
0 0.330966 0.957786 0.036553 0.043984
0 0.410511 0.986603 0.026326 0.026289
0 0.316004 0.994060 0.022538 0.011881
0 0.035417 0.744692 0.059091 0.051062
0 0.073580 0.706901 0.017235 0.043731
0 0.012311 0.621335 0.024242 0.094540
0 0.021591 0.798787 0.033712 0.032861
0 0.251610 0.313322 0.066856 0.123610
0 0.323201 0.322422 0.065341 0.066481
0 0.424432 0.339611 0.037500 0.032609
