0 0.820265 0.459176 0.140152 0.172649
0 0.918939 0.470551 0.077273 0.154449
0 0.959470 0.344414 0.064773 0.070020
0 0.742235 0.342012 0.108333 0.131951
0 0.823106 0.309909 0.070833 0.076340
0 0.807765 0.623357 0.176515 0.100607
0 0.892140 0.731673 0.089962 0.140799
0 0.957008 0.579247 0.056061 0.055359
0 0.877273 0.872093 0.164015 0.127907
0 0.738068 0.878792 0.095833 0.147877
0 0.607481 0.828994 0.137689 0.186299
0 0.542708 0.972321 0.105492 0.055359
0 0.461648 0.934656 0.063826 0.130688
0 0.145833 0.958544 0.076894 0.075329
0 0.095170 0.875758 0.059280 0.112993
0 0.023580 0.790066 0.046780 0.043225
0 0.028409 0.700708 0.049242 0.073812
0 0.215152 0.758595 0.152652 0.145096
0 0.469508 0.725354 0.182576 0.223205
0 0.394129 0.558266 0.120455 0.139282
0 0.527083 0.537538 0.145455 0.181749
0 0.692140 0.516304 0.109659 0.056370
0 0.656818 0.656850 0.153409 0.164560
0 0.580871 0.084302 0.083712 0.080131
0 0.682860 0.220425 0.061932 0.093023
0 0.767803 0.219666 0.063636 0.111729
0 0.719223 0.026795 0.100189 0.053084
0 0.647159 0.085187 0.055303 0.080890
0 0.735227 0.144970 0.068561 0.054853
0 0.426799 0.371840 0.052841 0.082912
0 0.469792 0.272245 0.060038 0.050556
0 0.319886 0.155460 0.202652 0.236097
0 0.329451 0.394211 0.137689 0.164055
0 0.097348 0.223584 0.062121 0.079120
0 0.173295 0.106168 0.052652 0.056117
0 0.157386 0.359201 0.147348 0.159757
0 0.183428 0.577604 0.147917 0.201719
0 0.316572 0.626517 0.121780 0.216633
