0 0.866383 0.489383 0.067235 0.085440
0 0.920170 0.327477 0.111932 0.148888
0 0.914962 0.213220 0.064394 0.044237
0 0.946402 0.063701 0.039394 0.052578
0 0.783712 0.228514 0.107576 0.098584
0 0.675000 0.310541 0.100379 0.144338
0 0.643087 0.185288 0.054356 0.126896
0 0.394129 0.513903 0.070455 0.126896
0 0.447443 0.629297 0.086174 0.097321
0 0.539583 0.710945 0.074621 0.190849
0 0.171780 0.933266 0.132955 0.133468
0 0.667708 0.948054 0.055871 0.062942
0 0.830966 0.850733 0.047917 0.046764
0 0.719886 0.766304 0.107955 0.047776
0 0.617992 0.789307 0.081439 0.105410
0 0.326420 0.835945 0.097159 0.134479
0 0.419508 0.821411 0.101894 0.198938
0 0.515814 0.846689 0.059280 0.065470
0 0.503883 0.932760 0.086932 0.123862
0 0.351799 0.963979 0.170644 0.072042
0 0.219413 0.640167 0.078977 0.088220
0 0.208712 0.801062 0.064015 0.084934
0 0.130208 0.799039 0.052841 0.067240
0 0.070170 0.694767 0.116477 0.179221
0 0.127367 0.580258 0.042235 0.052326
0 0.200663 0.500126 0.064205 0.073559
0 0.266288 0.503033 0.081818 0.065723
0 0.266951 0.572801 0.066856 0.066229
0 0.333902 0.378286 0.157197 0.203488
0 0.382670 0.229525 0.099053 0.142568
0 0.324811 0.201340 0.038258 0.073054
0 0.344508 0.139788 0.048864 0.058645
0 0.261080 0.063701 0.128598 0.110718
0 0.222727 0.141684 0.120076 0.074065
0 0.205871 0.209429 0.051136 0.069009
0 0.556061 0.044616 0.111364 0.088726
0 0.431345 0.078994 0.058902 0.139282
0 0.066572 0.403817 0.035038 0.044742
0 0.015720 0.434530 0.031061 0.034884
0 0.041288 0.228261 0.076515 0.136502
0 0.135795 0.351365 0.101894 0.101112
0 0.477083 0.450076 0.120455 0.121082
0 0.608712 0.487740 0.105682 0.062942
0 0.619318 0.627781 0.070455 0.115015
0 0.685417 0.598584 0.068182 0.042467
0 0.819697 0.552199 0.069697 0.061931
0 0.474716 0.332027 0.052083 0.053842
0 0.583144 0.187058 0.043182 0.089990
0 0.693087 0.851365 0.042235 0.074823
0 0.878220 0.710693 0.064394 0.165571
