0 0.316572 0.605283 0.146402 0.195905
0 0.263447 0.689838 0.063258 0.083923
0 0.385890 0.536274 0.051326 0.067998
0 0.387027 0.817998 0.096023 0.093529
0 0.441951 0.677199 0.055492 0.073306
0 0.566951 0.677073 0.097538 0.121587
0 0.489299 0.764661 0.127083 0.111729
0 0.506629 0.611223 0.050758 0.146107
0 0.647538 0.855536 0.069318 0.091254
0 0.634564 0.756951 0.110795 0.109960
0 0.743182 0.668225 0.079545 0.139282
0 0.667614 0.670374 0.085606 0.078362
0 0.327178 0.352755 0.108523 0.088220
0 0.506913 0.360592 0.138068 0.117037
0 0.414205 0.351871 0.056439 0.117290
0 0.383523 0.461704 0.060606 0.071537
0 0.298769 0.452730 0.088826 0.101618
0 0.780587 0.304727 0.104356 0.120071
0 0.858617 0.261249 0.066477 0.118554
0 0.955871 0.255814 0.067803 0.041962
0 0.627178 0.280081 0.131250 0.142568
0 0.653598 0.340243 0.096970 0.075329
0 0.659470 0.446537 0.085985 0.138777
0 0.704640 0.385238 0.085417 0.072801
0 0.748201 0.457027 0.085038 0.123862
0 0.825852 0.514408 0.094129 0.115268
0 0.915436 0.562816 0.077462 0.147877
0 0.835322 0.617669 0.080871 0.088726
0 0.967614 0.663296 0.064773 0.096057
0 0.812121 0.752401 0.063258 0.077098
0 0.736932 0.868554 0.092045 0.124368
0 0.832955 0.887639 0.068939 0.110971
0 0.704356 0.952477 0.084848 0.067745
0 0.280777 0.879550 0.070265 0.102376
0 0.143845 0.894970 0.093750 0.119565
0 0.059659 0.813069 0.065152 0.096309
0 0.175189 0.646360 0.065909 0.120324
0 0.186080 0.481421 0.116477 0.107432
0 0.203125 0.366658 0.108902 0.082659
0 0.266667 0.278438 0.103788 0.091254
0 0.323958 0.144717 0.085417 0.138271
0 0.419318 0.223964 0.070076 0.121335
0 0.490720 0.202351 0.114015 0.136249
0 0.460701 0.101618 0.052083 0.059151
0 0.540625 0.089863 0.091098 0.088726
0 0.702557 0.027806 0.068371 0.055106
0 0.720265 0.088979 0.092803 0.069767
0 0.769697 0.188195 0.088258 0.097826
0 0.855398 0.147245 0.076705 0.099848
0 0.899242 0.038549 0.079545 0.076593
0 0.146307 0.077856 0.045265 0.044995
0 0.109848 0.200202 0.067424 0.166330
0 0.126515 0.315470 0.044318 0.036906
0 0.182292 0.206648 0.070265 0.079626
0 0.209754 0.041709 0.029735 0.082912
0 0.409848 0.115774 0.047727 0.082406
0 0.449905 0.032103 0.033523 0.063701
