0 0.110740 0.254809 0.083134 0.093761
0 0.480504 0.619366 0.117118 0.153190
0 0.912781 0.726564 0.113062 0.124430
0 0.758836 0.740213 0.074599 0.065461
0 0.469650 0.948237 0.048020 0.053380
0 0.585842 0.628413 0.092447 0.089064
0 0.242889 0.881406 0.071641 0.080312
0 0.187026 0.291687 0.082113 0.080099
0 0.031120 0.563209 0.056166 0.089608
0 0.674652 0.913705 0.041920 0.047081
0 0.603256 0.653502 0.113127 0.100165
0 0.020718 0.624478 0.041321 0.074159
0 0.210655 0.306245 0.092460 0.100931
0 0.402677 0.897173 0.062935 0.065949
0 0.096112 0.043458 0.089550 0.078157
0 0.012667 0.244015 0.020265 0.061333
0 0.980277 0.331130 0.037076 0.051111
0 0.129744 0.440241 0.059001 0.076747
0 0.679600 0.729013 0.032294 0.032197
