0 0.564501 0.888713 0.061863 0.074972
0 0.586954 0.585462 0.099732 0.118228
0 0.478343 0.126915 0.113931 0.089669
0 0.981741 0.706477 0.036519 0.094102
0 0.728284 0.726912 0.118207 0.120131
0 0.257794 0.185418 0.034069 0.043414
0 0.561943 0.404246 0.078125 0.069759
0 0.380786 0.813150 0.078399 0.087526
0 0.101278 0.631771 0.046844 0.049264
0 0.600029 0.049679 0.078950 0.094479
0 0.196522 0.294792 0.104737 0.125311
0 0.926324 0.233579 0.090888 0.081118
0 0.335192 0.219071 0.036330 0.044823
0 0.193845 0.218029 0.068160 0.086218
0 0.370507 0.313006 0.056016 0.099032
0 0.287863 0.770940 0.042373 0.054184
0 0.959197 0.958786 0.076213 0.078875
0 0.389253 0.971700 0.054518 0.044597
0 0.198132 0.458929 0.066298 0.077372
0 0.484016 0.643070 0.029889 0.032757
0 0.013527 0.316169 0.027054 0.101086
0 0.824130 0.098968 0.041849 0.057399
0 0.757828 0.587500 0.068185 0.104238
0 0.648329 0.370924 0.094543 0.137898
