0 0.214015 0.105283 0.081439 0.152932
0 0.315436 0.106673 0.119508 0.139535
0 0.052083 0.124242 0.074621 0.124115
0 0.326894 0.467518 0.075000 0.173660
0 0.390814 0.430991 0.035417 0.043478
0 0.725000 0.615521 0.084091 0.232053
0 0.671307 0.735844 0.060417 0.075834
0 0.761648 0.411906 0.062689 0.087209
0 0.219697 0.529449 0.084470 0.083165
0 0.165057 0.410263 0.045265 0.062184
0 0.026610 0.269717 0.052841 0.083418
0 0.105682 0.407103 0.085227 0.084681
0 0.061269 0.468150 0.058523 0.081395
0 0.151515 0.583418 0.126136 0.152174
0 0.084186 0.594034 0.033523 0.046006
0 0.062784 0.650025 0.069508 0.053842
0 0.108144 0.825455 0.051515 0.046259
0 0.128030 0.749368 0.052652 0.084176
0 0.247822 0.726239 0.109659 0.101618
0 0.323580 0.772371 0.032008 0.041203
0 0.411932 0.677831 0.053030 0.035642
0 0.493466 0.655207 0.058902 0.053084
0 0.350000 0.652679 0.054924 0.031850
0 0.389962 0.626896 0.017424 0.039939
0 0.430682 0.581269 0.053409 0.055865
0 0.460511 0.546006 0.021402 0.026289
0 0.606629 0.642568 0.031061 0.050051
0 0.580303 0.780966 0.038258 0.067492
0 0.392614 0.829752 0.109470 0.085187
0 0.518182 0.903185 0.053030 0.077351
0 0.429924 0.951719 0.065909 0.096562
0 0.307008 0.948054 0.080682 0.099343
0 0.197159 0.921891 0.063636 0.156218
0 0.802273 0.952477 0.136364 0.095046
0 0.898580 0.776416 0.066477 0.123104
0 0.816572 0.631699 0.035795 0.059656
0 0.856345 0.581395 0.060038 0.064712
0 0.830303 0.471436 0.051515 0.052578
0 0.795644 0.512639 0.028409 0.043984
0 0.932197 0.585313 0.034470 0.091254
0 0.849527 0.311426 0.069508 0.050051
