0 0.708156 0.385854 0.103333 0.103215
0 0.288739 0.417719 0.073844 0.069418
0 0.421655 0.563644 0.056468 0.059566
0 0.089374 0.522563 0.071665 0.090567
0 0.014783 0.823104 0.029567 0.083132
0 0.292067 0.530673 0.057920 0.093913
0 0.141443 0.744520 0.059145 0.066344
0 0.105110 0.144791 0.075219 0.101539
0 0.612811 0.325490 0.038094 0.047497
0 0.739299 0.862376 0.107733 0.081889
0 0.056298 0.663273 0.041720 0.062187
0 0.502069 0.061603 0.072756 0.091717
0 0.411668 0.602086 0.092872 0.113635
