0 0.381490 0.478250 0.090422 0.100279
0 0.259290 0.533103 0.074119 0.065015
0 0.214616 0.315280 0.097115 0.073409
0 0.049016 0.618818 0.081592 0.092320
0 0.670985 0.268653 0.057942 0.071435
0 0.588874 0.471105 0.057246 0.070058
0 0.182428 0.442978 0.061217 0.075926
0 0.320550 0.824094 0.032049 0.051926
0 0.515903 0.484878 0.084495 0.075580
0 0.625914 0.315240 0.053177 0.079876
0 0.879994 0.300787 0.045236 0.057706
0 0.472697 0.283003 0.059491 0.071461
0 0.684192 0.488628 0.064394 0.097072
0 0.888216 0.045934 0.081009 0.091868
0 0.522367 0.260522 0.071071 0.068577
0 0.779008 0.057438 0.095188 0.085117
0 0.266748 0.446085 0.061259 0.054069
0 0.283978 0.308229 0.060735 0.067862
0 0.014545 0.120022 0.029089 0.104738
