0 0.942708 0.862867 0.114583 0.099343
0 0.631818 0.954247 0.078409 0.091507
0 0.771686 0.650784 0.181629 0.190344
0 0.945549 0.516936 0.105114 0.127907
0 0.847727 0.419237 0.107197 0.070526
0 0.450379 0.210061 0.098485 0.168352
0 0.096496 0.953615 0.114962 0.092770
0 0.364110 0.901036 0.061932 0.034631
0 0.445739 0.983822 0.049811 0.032356
0 0.470455 0.771234 0.092424 0.097573
0 0.345360 0.816860 0.093371 0.051314
0 0.284280 0.745703 0.049621 0.139535
0 0.382765 0.673534 0.069318 0.117037
0 0.332386 0.387133 0.155303 0.213094
0 0.476420 0.450329 0.109280 0.060415
0 0.543371 0.375000 0.072727 0.106421
0 0.450947 0.312942 0.085227 0.058140
0 0.376799 0.170753 0.090720 0.095298
0 0.301231 0.128918 0.097159 0.097573
0 0.298011 0.232305 0.090720 0.087462
0 0.075663 0.317113 0.045644 0.061426
0 0.171212 0.376517 0.085227 0.061931
0 0.141383 0.018327 0.074432 0.036148
0 0.375663 0.012892 0.086932 0.025278
0 0.398769 0.109960 0.093371 0.087462
0 0.784564 0.220172 0.118750 0.071284
0 0.723864 0.325076 0.104167 0.131446
0 0.612405 0.215875 0.061932 0.088979
0 0.680871 0.216254 0.063636 0.069009
0 0.623580 0.385996 0.033523 0.054601
0 0.612689 0.485592 0.090909 0.127401
0 0.578504 0.576213 0.067992 0.099343
0 0.447443 0.544489 0.096780 0.063195
0 0.459186 0.683013 0.067235 0.086957
0 0.469318 0.617417 0.073864 0.060920
0 0.706061 0.467265 0.128409 0.071537
0 0.774527 0.534884 0.089962 0.052073
0 0.223390 0.513903 0.044886 0.058645
0 0.219981 0.675809 0.074811 0.096815
0 0.042330 0.604019 0.074053 0.071031
0 0.121402 0.659631 0.034470 0.069515
0 0.064489 0.689080 0.030871 0.120324
0 0.899905 0.130561 0.127462 0.100354
0 0.792424 0.059656 0.167424 0.113751
0 0.548864 0.039055 0.058333 0.077604
0 0.698485 0.779449 0.051515 0.047776
0 0.527462 0.673787 0.032955 0.029575
0 0.447159 0.888397 0.103788 0.098332
0 0.425947 0.805106 0.069697 0.055106
0 0.348958 0.554727 0.048295 0.032103
