0 0.139645 0.625018 0.052913 0.075955
0 0.531115 0.637550 0.114236 0.090768
0 0.814639 0.878594 0.081854 0.079859
0 0.415474 0.447859 0.065586 0.071485
0 0.439054 0.114439 0.041487 0.067613
0 0.501951 0.394123 0.078154 0.082049
0 0.750450 0.326768 0.072791 0.082554
0 0.104533 0.427275 0.068667 0.075552
0 0.285648 0.963813 0.129763 0.072373
0 0.392401 0.453401 0.072524 0.073840
0 0.180154 0.459551 0.053389 0.066528
0 0.304876 0.416110 0.034843 0.040804
0 0.345412 0.715862 0.058542 0.062044
0 0.379690 0.540559 0.059137 0.042557
0 0.564858 0.809587 0.049583 0.076725
0 0.954269 0.197526 0.051564 0.077393
0 0.368838 0.452808 0.044180 0.066067
