0 0.710404 0.305619 0.101941 0.087378
0 0.399132 0.889598 0.116319 0.121392
0 0.936536 0.204754 0.068813 0.087563
0 0.422260 0.058654 0.054197 0.074258
0 0.784088 0.976961 0.087410 0.046079
0 0.669134 0.401970 0.105052 0.095544
0 0.791935 0.776063 0.068066 0.095557
0 0.432936 0.763152 0.063896 0.073613
0 0.272506 0.536447 0.059782 0.077905
0 0.134210 0.372520 0.044923 0.049540
0 0.015110 0.575807 0.030219 0.085683
0 0.040131 0.477813 0.070626 0.076820
0 0.704316 0.594945 0.062000 0.079431
0 0.549368 0.508351 0.050050 0.053357
0 0.033323 0.378507 0.063475 0.061474
0 0.482926 0.549884 0.035742 0.048392
0 0.703575 0.030060 0.091512 0.060119
0 0.257952 0.675505 0.111014 0.154187
0 0.540172 0.776888 0.045473 0.060294
0 0.706547 0.886383 0.100021 0.133165
0 0.477898 0.821251 0.038372 0.044160
