1 0.731116 0.919555 0.108705 0.136110
1 0.587911 0.628610 0.122760 0.154719
0 0.689330 0.522375 0.050364 0.057771
0 0.857036 0.122854 0.108563 0.159034
0 0.921412 0.782086 0.157176 0.130727
0 0.973515 0.419304 0.052971 0.092631
0 0.947825 0.561886 0.104350 0.186414
0 0.625300 0.047921 0.065786 0.084890
0 0.705144 0.277358 0.068146 0.091556
1 0.310211 0.778071 0.168502 0.209847
0 0.221980 0.945550 0.174090 0.105252
0 0.879697 0.120059 0.066933 0.100347
0 0.843369 0.269574 0.044037 0.067376
1 0.703506 0.277369 0.068106 0.095379
0 0.946966 0.208341 0.085538 0.120671
0 0.983607 0.240780 0.032787 0.070767
0 0.675244 0.528133 0.101339 0.043284
1 0.228597 0.950147 0.168860 0.092204
0 0.913531 0.980377 0.164829 0.039245
0 0.769861 0.420219 0.079369 0.116260
0 0.023217 0.139820 0.040905 0.084553
