0 0.555398 0.644717 0.095265 0.141304
0 0.647064 0.386249 0.071780 0.122851
0 0.866004 0.726871 0.042992 0.056370
0 0.897348 0.703994 0.037121 0.051567
0 0.948864 0.661400 0.078788 0.087209
0 0.889394 0.823433 0.060606 0.069009
0 0.494981 0.780966 0.051705 0.087209
0 0.394886 0.787538 0.101136 0.140799
0 0.620549 0.484580 0.080114 0.046006
0 0.100000 0.416709 0.129545 0.143832
0 0.319508 0.229651 0.068561 0.141810
0 0.241572 0.103893 0.079735 0.097068
0 0.092708 0.088094 0.117614 0.118554
0 0.076989 0.179980 0.049811 0.089484
0 0.446496 0.377654 0.083144 0.108190
0 0.353788 0.413802 0.085227 0.126390
0 0.662784 0.200708 0.049811 0.084934
0 0.728883 0.179095 0.075189 0.195905
0 0.815530 0.197548 0.081818 0.099343
0 0.819223 0.050177 0.096780 0.099848
0 0.950758 0.057634 0.079167 0.095551
0 0.953314 0.266684 0.083523 0.101112
0 0.489110 0.281218 0.045265 0.136754
0 0.450095 0.202098 0.070644 0.077604
0 0.531913 0.423028 0.068750 0.230283
0 0.465436 0.520602 0.046023 0.097321
0 0.426326 0.600986 0.090530 0.068504
0 0.498201 0.604019 0.031250 0.033620
0 0.479735 0.684909 0.065909 0.055865
0 0.361364 0.678463 0.079924 0.061173
0 0.256723 0.725607 0.080114 0.090243
0 0.345833 0.867037 0.071212 0.080890
0 0.182955 0.892315 0.073864 0.079373
0 0.135322 0.822801 0.083144 0.063195
0 0.177273 0.763018 0.089015 0.094287
0 0.173295 0.701340 0.027273 0.043225
0 0.047254 0.524899 0.093750 0.070526
0 0.157955 0.279196 0.036364 0.064965
0 0.243087 0.263397 0.084280 0.100101
