0 0.919318 0.794110 0.158333 0.230789
0 0.804451 0.866785 0.077462 0.085440
0 0.790246 0.776036 0.074053 0.099596
0 0.756818 0.691355 0.098485 0.080384
0 0.777936 0.553716 0.063447 0.180738
0 0.742424 0.464105 0.050758 0.062690
0 0.903409 0.318504 0.059470 0.102123
0 0.948011 0.239636 0.103977 0.119818
0 0.966572 0.402174 0.066856 0.115774
0 0.978788 0.546638 0.042424 0.073559
0 0.926231 0.481547 0.029356 0.054095
0 0.687216 0.053969 0.139205 0.107432
0 0.849811 0.073433 0.081439 0.131699
0 0.887405 0.171132 0.077462 0.066229
0 0.933523 0.049292 0.100000 0.098079
0 0.603030 0.212083 0.126515 0.105662
0 0.744792 0.260996 0.121780 0.158493
0 0.786364 0.391431 0.040530 0.039181
0 0.672443 0.371840 0.105492 0.109201
0 0.612027 0.469034 0.115341 0.212588
0 0.700473 0.545121 0.033902 0.085693
0 0.665152 0.653185 0.064015 0.109707
0 0.595360 0.678589 0.093371 0.111476
0 0.430492 0.041330 0.097727 0.082154
0 0.523485 0.078362 0.034848 0.067745
0 0.500473 0.194767 0.077841 0.121587
0 0.414583 0.198938 0.105303 0.144085
0 0.519413 0.313701 0.091098 0.101112
0 0.505303 0.411906 0.085227 0.147877
0 0.406155 0.368175 0.136932 0.142821
0 0.473864 0.465243 0.103788 0.105915
0 0.441098 0.561426 0.165152 0.151163
0 0.636553 0.854904 0.150000 0.132457
0 0.537595 0.773129 0.063826 0.116532
0 0.492898 0.934656 0.110417 0.130688
0 0.433807 0.834681 0.096780 0.165824
0 0.364583 0.911653 0.118939 0.176694
0 0.379924 0.718276 0.123106 0.162538
0 0.299337 0.580384 0.072538 0.093529
0 0.221686 0.641052 0.124811 0.076340
0 0.230492 0.733443 0.071591 0.103893
0 0.233996 0.535768 0.078598 0.150404
0 0.324053 0.054853 0.050379 0.076845
0 0.268655 0.117417 0.117992 0.085187
0 0.269697 0.261628 0.122727 0.202224
0 0.131534 0.165192 0.161174 0.160010
0 0.145360 0.264408 0.076705 0.076845
0 0.019886 0.219034 0.039394 0.125126
0 0.048864 0.360212 0.067045 0.056623
0 0.085227 0.466507 0.028030 0.039687
0 0.014773 0.499494 0.028030 0.085945
0 0.093466 0.043605 0.080871 0.086704
0 0.162784 0.012007 0.060417 0.023509
0 0.290814 0.844793 0.038068 0.091001
0 0.267708 0.985718 0.039583 0.028564
0 0.151042 0.867922 0.038447 0.064965
0 0.220170 0.900278 0.075189 0.043225
0 0.155587 0.710566 0.063447 0.095046
