0 0.558301 0.724507 0.099191 0.090536
0 0.157478 0.816527 0.099536 0.111252
0 0.304614 0.831931 0.069209 0.102227
0 0.390863 0.520967 0.060317 0.074894
0 0.784510 0.495812 0.050576 0.040628
0 0.582724 0.641691 0.079610 0.096484
0 0.532739 0.517949 0.036146 0.045951
0 0.017408 0.313908 0.034817 0.103807
0 0.187439 0.494462 0.057046 0.061902
0 0.026249 0.493844 0.052498 0.078574
0 0.233059 0.507396 0.042980 0.036192
0 0.071007 0.535967 0.049646 0.056998
0 0.401220 0.456849 0.049934 0.064384
0 0.213385 0.508464 0.067534 0.061491
0 0.584647 0.985201 0.071365 0.025602
0 0.620349 0.828813 0.051336 0.080227
