0 0.034253 0.601830 0.068506 0.155051
0 0.680008 0.420329 0.098269 0.119713
0 0.195579 0.577691 0.099946 0.101619
0 0.258627 0.044237 0.112607 0.088475
0 0.712923 0.918893 0.116240 0.132657
0 0.573138 0.912419 0.065055 0.081389
0 0.859591 0.630644 0.085666 0.097249
0 0.408918 0.332983 0.078214 0.095525
0 0.754158 0.064102 0.060572 0.082012
0 0.317112 0.327136 0.055158 0.051607
0 0.204769 0.288375 0.040136 0.059254
0 0.629072 0.843962 0.093315 0.124068
0 0.422356 0.086356 0.050665 0.071022
0 0.466902 0.435435 0.071786 0.076120
0 0.359281 0.474216 0.064647 0.057557
0 0.392799 0.175026 0.061521 0.071114
0 0.670440 0.154256 0.066877 0.080760
