0 0.761364 0.220425 0.071591 0.090495
0 0.813258 0.295753 0.064394 0.058645
0 0.840814 0.402679 0.088826 0.112740
0 0.935606 0.388650 0.054545 0.122599
0 0.737027 0.406977 0.088068 0.265420
0 0.677367 0.541582 0.040720 0.097826
0 0.808428 0.785010 0.099053 0.089737
0 0.772538 0.935288 0.056439 0.054095
0 0.719697 0.854272 0.062500 0.097321
0 0.448201 0.789434 0.097538 0.140040
0 0.313542 0.764661 0.082008 0.075329
0 0.215720 0.717770 0.069318 0.110971
0 0.176705 0.824823 0.060985 0.103134
0 0.084564 0.935288 0.086174 0.064712
0 0.176799 0.925177 0.044886 0.055612
0 0.143750 0.679221 0.099621 0.097573
0 0.051610 0.638524 0.064583 0.093529
0 0.327652 0.270854 0.070833 0.165066
0 0.390341 0.244060 0.039394 0.036148
0 0.245360 0.337462 0.107008 0.075834
0 0.174716 0.410895 0.096023 0.142315
0 0.600284 0.450961 0.035417 0.044489
0 0.492614 0.469034 0.052273 0.056370
0 0.385038 0.475986 0.047727 0.049545
0 0.270549 0.516810 0.074053 0.058898
0 0.312121 0.574065 0.056061 0.057634
0 0.151705 0.575581 0.105682 0.106168
0 0.551326 0.697295 0.103030 0.154954
0 0.392803 0.644590 0.107197 0.088979
0 0.928314 0.890799 0.025947 0.061678
0 0.936458 0.564080 0.047159 0.042214
0 0.922159 0.631320 0.042424 0.073559
0 0.745644 0.590495 0.029545 0.032356
0 0.872633 0.147750 0.037311 0.017442
0 0.605208 0.576466 0.073295 0.050809
0 0.399716 0.880688 0.034659 0.036906
0 0.471686 0.353893 0.031629 0.017189
0 0.429261 0.314333 0.013068 0.024520
0 0.100852 0.222194 0.066098 0.073306
0 0.170076 0.236855 0.048106 0.060162
0 0.124148 0.314459 0.059659 0.076845
0 0.068466 0.290066 0.056250 0.068504
0 0.029167 0.346689 0.037121 0.053842
0 0.082292 0.401921 0.038826 0.061173
0 0.071686 0.473837 0.074811 0.070020
