0 0.918108 0.109160 0.090631 0.091312
0 0.804684 0.633655 0.108837 0.112808
0 0.961795 0.228139 0.070942 0.083095
0 0.190727 0.728948 0.071327 0.056655
0 0.117586 0.038131 0.083140 0.076262
0 0.339477 0.920371 0.084640 0.083550
0 0.022402 0.839949 0.044804 0.116795
0 0.407727 0.852532 0.074335 0.105949
0 0.736060 0.341084 0.092437 0.102458
0 0.111639 0.582092 0.079575 0.103814
0 0.755366 0.073472 0.074444 0.092169
0 0.810579 0.441226 0.080982 0.085606
0 0.222299 0.809211 0.045218 0.076051
0 0.842030 0.385060 0.041408 0.071496
0 0.958595 0.413792 0.067754 0.058666
0 0.841112 0.453933 0.097149 0.094917
0 0.506150 0.960486 0.074271 0.070651
0 0.432999 0.853866 0.073781 0.093647
