0 0.636648 0.577983 0.090341 0.111476
0 0.550568 0.862740 0.098485 0.150152
0 0.937121 0.841127 0.062121 0.048787
0 0.865436 0.902806 0.063068 0.081143
0 0.857860 0.985971 0.024053 0.028059
0 0.774905 0.853261 0.099811 0.073054
0 0.925095 0.490774 0.149811 0.080637
0 0.675284 0.920374 0.053977 0.037917
0 0.392519 0.959302 0.085795 0.081395
0 0.520360 0.727503 0.052462 0.093023
0 0.470170 0.744186 0.057386 0.138018
0 0.528693 0.643074 0.092614 0.092012
0 0.438920 0.599090 0.084280 0.098079
0 0.492803 0.499115 0.114394 0.205005
0 0.228030 0.871335 0.037121 0.050051
0 0.160701 0.895349 0.052083 0.055106
0 0.091193 0.601112 0.128220 0.141557
0 0.310985 0.405207 0.088258 0.158746
0 0.223485 0.291709 0.098485 0.098079
0 0.104545 0.046385 0.069697 0.081143
0 0.303977 0.108190 0.075379 0.068756
0 0.660227 0.373989 0.066288 0.077604
0 0.720928 0.455131 0.090341 0.039181
0 0.819886 0.396613 0.104924 0.118301
0 0.961174 0.243933 0.077652 0.060667
0 0.958523 0.096183 0.059470 0.102376
0 0.825473 0.197801 0.152462 0.175683
0 0.722254 0.281977 0.055114 0.124621
0 0.663636 0.183645 0.066288 0.077604
0 0.540341 0.064206 0.031439 0.047523
0 0.520549 0.218782 0.068371 0.036148
0 0.502178 0.331775 0.086932 0.078109
0 0.429735 0.407482 0.082955 0.102123
0 0.376326 0.514029 0.078030 0.047776
0 0.384754 0.283620 0.044886 0.051567
0 0.290246 0.631951 0.055871 0.074823
0 0.350568 0.642695 0.055682 0.061931
0 0.398958 0.771360 0.057008 0.187310
0 0.246970 0.929221 0.093939 0.076845
0 0.051326 0.704879 0.102273 0.069515
0 0.165720 0.447801 0.085227 0.054853
0 0.106250 0.289307 0.107576 0.125632
0 0.176610 0.070905 0.088447 0.134226
