0 0.765276 0.730066 0.065153 0.093677
0 0.111030 0.044203 0.112435 0.088405
1 0.127865 0.928861 0.142060 0.132889
0 0.491106 0.480334 0.078701 0.123464
0 0.977124 0.723299 0.045752 0.095205
0 0.334632 0.929560 0.212134 0.140881
0 0.941664 0.084837 0.046135 0.067290
0 0.633920 0.973573 0.116672 0.052853
0 0.335043 0.157109 0.049284 0.063304
0 0.182058 0.499377 0.108904 0.124957
1 0.337536 0.927990 0.219766 0.142358
0 0.656066 0.860159 0.113989 0.155464
0 0.441975 0.196569 0.068187 0.054990
0 0.042310 0.889671 0.081376 0.113973
0 0.927758 0.964470 0.085500 0.071060
0 0.357800 0.261032 0.062793 0.064574
0 0.945825 0.270811 0.100876 0.125894
0 0.103097 0.922662 0.173670 0.144445
