1 0.693496 0.136677 0.118113 0.142058
1 0.581737 0.486607 0.079501 0.110624
1 0.902134 0.174208 0.193072 0.233616
0 0.857703 0.780153 0.107413 0.119735
0 0.276817 0.345182 0.100025 0.119633
0 0.586195 0.248456 0.057363 0.052023
0 0.660799 0.785440 0.076791 0.139724
0 0.410433 0.652364 0.101776 0.117249
0 0.309587 0.534528 0.062685 0.068178
0 0.333121 0.160344 0.079700 0.092192
0 0.218792 0.528940 0.064899 0.081162
0 0.156918 0.039298 0.089048 0.078596
0 0.925700 0.852389 0.082939 0.133205
1 0.936821 0.054372 0.122062 0.095771
0 0.916643 0.682192 0.079921 0.078078
