0 0.064614 0.127203 0.093295 0.093355
1 0.636425 0.673574 0.140541 0.173146
0 0.261375 0.810344 0.083500 0.105502
0 0.700126 0.506004 0.083733 0.120481
0 0.853900 0.634921 0.056478 0.084162
0 0.948116 0.248988 0.086521 0.107999
0 0.207636 0.657066 0.077785 0.075153
0 0.863870 0.387611 0.051208 0.071319
0 0.517782 0.347308 0.068307 0.079758
0 0.147647 0.460644 0.092041 0.083482
0 0.428961 0.765699 0.096978 0.077077
0 0.179524 0.377331 0.107834 0.072874
0 0.389647 0.856434 0.050699 0.078720
0 0.179979 0.971272 0.081752 0.056638
0 0.143200 0.368546 0.047273 0.054609
0 0.509528 0.251988 0.061729 0.074639
0 0.015105 0.644996 0.030181 0.048171
0 0.340411 0.729268 0.054289 0.051233
0 0.303097 0.076442 0.076956 0.104758
