0 0.312216 0.883215 0.051326 0.056117
0 0.267614 0.887513 0.031818 0.032861
0 0.304072 0.942113 0.105492 0.067240
0 0.778409 0.771739 0.098485 0.049545
0 0.639773 0.802578 0.034091 0.054601
0 0.092235 0.031724 0.116667 0.057381
0 0.034943 0.153564 0.069508 0.087209
0 0.095076 0.096689 0.095455 0.066481
0 0.178598 0.111982 0.054167 0.062690
0 0.261648 0.068251 0.076705 0.123357
0 0.325568 0.049039 0.051136 0.046006
0 0.382765 0.065723 0.045076 0.042467
0 0.386837 0.020602 0.053977 0.040698
0 0.432481 0.029196 0.055114 0.051314
0 0.487595 0.030586 0.046402 0.047017
0 0.537879 0.020349 0.047348 0.040192
0 0.258807 0.179980 0.054735 0.088473
0 0.316761 0.190849 0.050189 0.061678
0 0.262121 0.257457 0.088636 0.080131
0 0.323390 0.266810 0.041477 0.094287
0 0.204451 0.245829 0.039583 0.079120
0 0.200284 0.336198 0.091098 0.089990
0 0.258428 0.381067 0.047917 0.106421
0 0.297348 0.458544 0.040530 0.062690
0 0.172443 0.579120 0.029356 0.037917
0 0.213352 0.540698 0.063826 0.038928
0 0.270928 0.522371 0.049432 0.030081
0 0.287311 0.676946 0.090530 0.107685
0 0.350379 0.533493 0.071591 0.129171
0 0.381723 0.607179 0.044886 0.109707
0 0.377178 0.715243 0.058144 0.071537
0 0.339867 0.770602 0.062311 0.106926
0 0.427178 0.779070 0.080871 0.099596
0 0.458617 0.657735 0.061553 0.077351
0 0.521970 0.661148 0.065152 0.099343
0 0.432576 0.519590 0.055303 0.136754
0 0.487311 0.518579 0.056818 0.123610
0 0.534848 0.573054 0.036364 0.066734
0 0.555303 0.529954 0.093182 0.101365
0 0.604640 0.517315 0.041477 0.074570
0 0.584754 0.384100 0.067992 0.090748
0 0.530208 0.434783 0.054735 0.062184
0 0.630398 0.049924 0.161553 0.099343
0 0.939205 0.023635 0.091288 0.027553
0 0.960701 0.076972 0.078598 0.067998
0 0.904261 0.403438 0.093750 0.202224
0 0.969792 0.369312 0.060417 0.082406
0 0.983333 0.485086 0.033333 0.055106
0 0.920644 0.599343 0.101515 0.059656
0 0.848485 0.735465 0.034848 0.116026
0 0.800663 0.976871 0.039205 0.046259
0 0.701989 0.854525 0.068750 0.098837
0 0.677178 0.459808 0.130492 0.109201
0 0.797064 0.392947 0.065341 0.094793
0 0.616951 0.161906 0.092614 0.107432
0 0.473864 0.172270 0.139394 0.162538
0 0.375473 0.329120 0.075189 0.185541
0 0.441761 0.398635 0.070265 0.108696
0 0.382102 0.156977 0.052462 0.051567
0 0.151231 0.502528 0.039962 0.108696
0 0.046212 0.858443 0.068561 0.034378
0 0.497064 0.855662 0.070644 0.063195
0 0.492330 0.938574 0.055114 0.101618
0 0.430398 0.919489 0.071402 0.086198
0 0.611742 0.941229 0.043561 0.058392
0 0.699621 0.946411 0.087500 0.063195
0 0.571591 0.784378 0.062879 0.068756
0 0.883144 0.938953 0.057576 0.049292
