0 0.414504 0.206336 0.055862 0.069627
0 0.640577 0.431633 0.077320 0.071120
0 0.356097 0.814642 0.085113 0.089579
0 0.390459 0.384665 0.062961 0.052332
0 0.219695 0.608497 0.068652 0.065856
0 0.365922 0.388629 0.133806 0.061145
0 0.206653 0.249213 0.081767 0.078582
0 0.865458 0.843874 0.070954 0.095376
0 0.371263 0.283939 0.049142 0.065658
0 0.746916 0.365968 0.054733 0.059196
0 0.318968 0.394877 0.048629 0.058460
0 0.506135 0.382503 0.049679 0.045421
0 0.239474 0.965509 0.059734 0.068983
0 0.733154 0.022708 0.077889 0.045047
1 0.361340 0.391956 0.128812 0.056500
0 0.671682 0.781215 0.044560 0.064336
