0 0.582526 0.333453 0.081991 0.095568
0 0.579004 0.462874 0.069715 0.076654
0 0.216811 0.039355 0.093969 0.078709
0 0.686299 0.354878 0.068572 0.071746
0 0.731416 0.423069 0.075026 0.077147
0 0.434085 0.535318 0.130105 0.095678
0 0.228242 0.673987 0.075644 0.093672
0 0.271734 0.523832 0.058612 0.082460
0 0.358499 0.752865 0.092859 0.122987
0 0.304112 0.848321 0.064731 0.083336
0 0.784174 0.544567 0.061801 0.076963
0 0.042745 0.914467 0.056727 0.064499
0 0.905796 0.976013 0.068578 0.047975
0 0.955932 0.548713 0.076716 0.110425
0 0.829493 0.680855 0.061973 0.065531
0 0.115997 0.556599 0.057907 0.067322
0 0.778522 0.633835 0.052173 0.066824
0 0.505853 0.219514 0.070003 0.095390
0 0.616623 0.376482 0.053706 0.068724
0 0.329743 0.213251 0.070113 0.090818
0 0.156684 0.637385 0.065106 0.063821
0 0.540427 0.139221 0.033196 0.036336
0 0.780531 0.243445 0.072397 0.060235
0 0.227044 0.783415 0.084506 0.073817
0 0.441681 0.884618 0.067077 0.093202
