0 0.418325 0.431605 0.054155 0.048698
1 0.909427 0.760354 0.120671 0.156834
0 0.310944 0.175375 0.039287 0.047851
0 0.189311 0.357561 0.034142 0.035909
0 0.171954 0.081826 0.049632 0.070282
1 0.827886 0.544563 0.161439 0.261892
0 0.881191 0.068342 0.085083 0.114316
0 0.404871 0.339717 0.039290 0.039739
0 0.162820 0.514596 0.057335 0.070520
1 0.795086 0.877824 0.121097 0.133505
0 0.942335 0.641160 0.087432 0.120101
0 0.134027 0.291544 0.042088 0.046217
0 0.793805 0.876864 0.127159 0.136744
0 0.208262 0.024287 0.058106 0.048574
0 0.266390 0.879892 0.092476 0.093402
0 0.132489 0.245649 0.036355 0.030811
0 0.210374 0.702446 0.069417 0.083761
0 0.684922 0.854006 0.095922 0.141977
0 0.507890 0.343020 0.045421 0.075173
0 0.354747 0.122715 0.064540 0.042603
0 0.008942 0.216582 0.017885 0.044838
0 0.582820 0.387713 0.051867 0.064587
0 0.296804 0.977595 0.053833 0.044810
0 0.512208 0.485608 0.048347 0.068292
0 0.503331 0.976529 0.057085 0.046943
0 0.536240 0.797013 0.059840 0.096511
0 0.186406 0.757050 0.061672 0.085940
0 0.035738 0.701240 0.055121 0.051621
0 0.174831 0.613930 0.059835 0.077456
0 0.133298 0.908926 0.067750 0.076150
0 0.137354 0.249080 0.048848 0.050958
0 0.263736 0.078064 0.041250 0.050979
0 0.165726 0.554892 0.063500 0.105553
0 0.602628 0.228512 0.034618 0.037991
0 0.019477 0.218427 0.038954 0.046019
