0 0.866402 0.142017 0.068253 0.080111
0 0.582925 0.885001 0.087721 0.115568
0 0.976598 0.929239 0.046804 0.093053
0 0.838848 0.340074 0.086187 0.102682
0 0.952984 0.364460 0.092169 0.120345
0 0.956638 0.945193 0.070815 0.106296
0 0.488215 0.265196 0.060653 0.077775
0 0.744200 0.520932 0.058502 0.102002
0 0.681405 0.549267 0.109140 0.099160
0 0.984285 0.911068 0.031431 0.075099
0 0.646969 0.789457 0.063453 0.073859
0 0.790865 0.420193 0.088209 0.097658
0 0.803080 0.961663 0.059581 0.076673
