0 0.613762 0.723568 0.090014 0.099433
0 0.353375 0.746564 0.091032 0.102802
0 0.335835 0.172878 0.077440 0.092763
0 0.906377 0.753299 0.059576 0.073363
0 0.968375 0.853913 0.061940 0.119801
0 0.441400 0.055463 0.099837 0.110200
0 0.883734 0.506356 0.133605 0.125795
1 0.716001 0.261357 0.244474 0.231443
0 0.315846 0.635102 0.052774 0.065340
1 0.809424 0.119119 0.381152 0.238237
0 0.468667 0.172801 0.057079 0.078311
1 0.882071 0.507462 0.127383 0.125072
0 0.265647 0.100396 0.046899 0.052994
1 0.866047 0.323501 0.110324 0.170630
0 0.867490 0.323801 0.104022 0.173275
0 0.985115 0.530828 0.029769 0.062689
0 0.483999 0.154040 0.082228 0.103731
