0 0.909108 0.505080 0.064779 0.062324
0 0.188151 0.759720 0.055981 0.099887
0 0.900875 0.042135 0.090176 0.084269
0 0.537630 0.273919 0.073101 0.066018
0 0.873996 0.215403 0.075691 0.066979
0 0.640235 0.602515 0.070668 0.070948
0 0.035887 0.894417 0.071773 0.099519
0 0.366382 0.535967 0.041301 0.053594
0 0.279081 0.624353 0.048389 0.057286
0 0.642733 0.383641 0.068989 0.067480
0 0.741507 0.285744 0.042399 0.064908
0 0.009765 0.784984 0.017578 0.057678
0 0.760330 0.949300 0.084557 0.095873
