1 0.883420 0.732460 0.224708 0.220592
1 0.600879 0.286855 0.225315 0.397478
1 0.344377 0.383187 0.183457 0.169142
0 0.593584 0.936916 0.130384 0.126168
1 0.933059 0.403520 0.133362 0.200264
1 0.365622 0.064209 0.166955 0.125868
0 0.364775 0.536753 0.121727 0.115707
1 0.185362 0.167979 0.198107 0.321881
1 0.708292 0.590993 0.131549 0.144410
0 0.807489 0.253232 0.087791 0.115276
0 0.510132 0.679086 0.073772 0.059587
1 0.365896 0.539246 0.118344 0.103220
0 0.967324 0.910092 0.062026 0.101910
1 0.499935 0.498366 0.088764 0.103855
0 0.635349 0.762722 0.077120 0.105694
0 0.973059 0.278021 0.042240 0.082781
0 0.366506 0.749815 0.056679 0.081600
0 0.498182 0.498163 0.098766 0.111271
1 0.765867 0.485792 0.245604 0.305321
0 0.344155 0.710896 0.045921 0.080270
0 0.400870 0.824786 0.082695 0.089701
