0 0.421029 0.698095 0.088678 0.105549
0 0.694433 0.437528 0.077116 0.062500
0 0.395115 0.395308 0.060786 0.080635
0 0.622034 0.501376 0.034393 0.052080
0 0.536194 0.400788 0.044992 0.052806
0 0.481942 0.521319 0.079948 0.093133
0 0.554485 0.487557 0.082442 0.095338
0 0.239815 0.224293 0.058256 0.063231
0 0.761753 0.594949 0.040800 0.052977
0 0.609166 0.951657 0.059772 0.074382
0 0.583344 0.705592 0.048197 0.053156
0 0.534546 0.612794 0.077699 0.082176
0 0.571788 0.582463 0.041207 0.070118
0 0.329904 0.768355 0.050501 0.042341
0 0.528310 0.961746 0.049665 0.056770
0 0.581859 0.643283 0.049884 0.072415
0 0.066790 0.385522 0.109688 0.143394
0 0.246069 0.841442 0.048493 0.067715
0 0.067750 0.690456 0.064265 0.076519
0 0.841537 0.019576 0.082444 0.039153
0 0.685955 0.875659 0.049239 0.044534
0 0.306015 0.444389 0.073311 0.090321
0 0.166303 0.589996 0.063689 0.070030
0 0.234874 0.926995 0.038528 0.037552
0 0.018289 0.694058 0.036579 0.123012
0 0.141881 0.825183 0.049730 0.066038
0 0.229743 0.410437 0.092902 0.118404
0 0.456668 0.606011 0.065319 0.054601
0 0.583092 0.684377 0.063152 0.081889
0 0.564182 0.633499 0.070685 0.092987
0 0.734559 0.242018 0.055737 0.086683
