1 0.068218 0.574577 0.111618 0.139370
0 0.502667 0.346215 0.109896 0.120188
1 0.370677 0.658205 0.193129 0.170157
1 0.184510 0.330406 0.170236 0.301572
1 0.205736 0.918246 0.218742 0.153673
1 0.060597 0.848438 0.117563 0.169429
0 0.932057 0.129883 0.086214 0.097826
0 0.973586 0.285511 0.052829 0.062835
1 0.181529 0.713724 0.118692 0.113733
0 0.148661 0.184457 0.114223 0.099895
0 0.804300 0.512762 0.047405 0.059271
0 0.913599 0.471611 0.062958 0.071003
0 0.855068 0.078507 0.051877 0.064392
0 0.708062 0.228566 0.062095 0.076132
0 0.439184 0.605795 0.079005 0.109845
