0 0.959952 0.182627 0.078370 0.113519
0 0.865906 0.453040 0.100771 0.130504
0 0.702512 0.329224 0.071074 0.103567
0 0.109468 0.278466 0.103664 0.153811
0 0.822056 0.588075 0.108857 0.091127
0 0.953545 0.412166 0.072924 0.094511
0 0.297391 0.212186 0.086478 0.131419
0 0.760021 0.668725 0.077693 0.077027
0 0.204547 0.305274 0.080387 0.094267
0 0.296372 0.361409 0.054578 0.063676
0 0.759369 0.759010 0.063557 0.074821
0 0.609448 0.787325 0.077335 0.091933
0 0.558882 0.600397 0.065272 0.068225
0 0.455956 0.604388 0.062307 0.077952
0 0.629026 0.893475 0.054565 0.068096
0 0.279302 0.346848 0.071221 0.087559
0 0.841371 0.980962 0.058467 0.038075
0 0.336089 0.670953 0.063821 0.093480
0 0.504109 0.076403 0.065783 0.074038
0 0.384209 0.221458 0.071241 0.108809
0 0.808312 0.132630 0.091054 0.115211
0 0.231165 0.753345 0.057919 0.067684
0 0.010988 0.909400 0.021976 0.085441
0 0.867870 0.089557 0.067798 0.097639
