0 0.635227 0.774014 0.067424 0.119818
0 0.078220 0.795880 0.106439 0.119060
0 0.051894 0.885617 0.103409 0.072548
0 0.477462 0.786021 0.128788 0.132710
0 0.449527 0.968402 0.038447 0.051567
0 0.521780 0.890167 0.072727 0.103893
0 0.304830 0.590243 0.102841 0.153185
0 0.439962 0.567998 0.096212 0.084934
0 0.455398 0.691987 0.071023 0.141810
0 0.363447 0.725480 0.054545 0.048534
0 0.221780 0.480410 0.086742 0.130182
0 0.245265 0.583418 0.042045 0.092012
0 0.093182 0.513903 0.098864 0.113751
0 0.048295 0.414434 0.069318 0.060920
0 0.085701 0.154828 0.061932 0.071537
0 0.133428 0.094540 0.073295 0.060667
0 0.172822 0.247978 0.088826 0.148129
0 0.288542 0.286906 0.101326 0.074823
0 0.348011 0.192872 0.071023 0.131951
0 0.433617 0.043225 0.071023 0.083923
0 0.274621 0.087083 0.073864 0.055359
0 0.454545 0.289813 0.060227 0.133215
0 0.363731 0.435415 0.052083 0.146866
0 0.537405 0.245829 0.042614 0.051314
0 0.528598 0.318504 0.076894 0.067745
0 0.590909 0.301946 0.054167 0.045753
0 0.622064 0.355410 0.064962 0.041456
0 0.561269 0.423155 0.074811 0.060162
0 0.786458 0.467012 0.184280 0.156977
0 0.846212 0.334302 0.140152 0.064965
0 0.953504 0.688069 0.092992 0.068756
0 0.975473 0.282356 0.030492 0.096057
0 0.853314 0.217139 0.105492 0.039939
0 0.693466 0.599596 0.167235 0.128413
