0 0.811894 0.515419 0.090018 0.101097
0 0.412235 0.642689 0.065237 0.067883
0 0.068891 0.960660 0.095381 0.078679
0 0.490655 0.755225 0.074710 0.086766
0 0.540656 0.302231 0.052704 0.060105
0 0.976296 0.558244 0.040463 0.054075
0 0.972943 0.119653 0.054113 0.069255
0 0.433469 0.233371 0.071067 0.098177
0 0.888630 0.283715 0.065106 0.076197
0 0.371251 0.172050 0.040923 0.046410
0 0.707477 0.802778 0.073148 0.087465
0 0.976454 0.288026 0.043437 0.102209
0 0.850749 0.637070 0.043957 0.053594
0 0.543015 0.185178 0.075438 0.109640
0 0.635379 0.145434 0.065717 0.067456
0 0.711856 0.940292 0.040278 0.045578
0 0.361087 0.123926 0.053734 0.062387
0 0.362482 0.149314 0.046518 0.073344
0 0.763630 0.856504 0.055024 0.053293
0 0.971785 0.348460 0.056431 0.150844
0 0.499174 0.410263 0.055718 0.075405
0 0.512470 0.755483 0.051140 0.063036
0 0.470812 0.869999 0.072612 0.110985
0 0.469113 0.744511 0.046343 0.063081
0 0.809622 0.152522 0.060834 0.086340
0 0.555022 0.154877 0.081344 0.094109
0 0.783852 0.187525 0.042637 0.043858
0 0.456668 0.092668 0.052556 0.067803
0 0.911000 0.965962 0.073789 0.064992
0 0.616779 0.034269 0.096839 0.062799
