1 0.240371 0.705775 0.139211 0.181276
1 0.636415 0.398975 0.165429 0.227939
1 0.902489 0.243902 0.185579 0.224555
1 0.252591 0.091237 0.213527 0.172400
1 0.601394 0.110928 0.117660 0.174335
1 0.080202 0.465535 0.147912 0.184920
0 0.531290 0.514638 0.067367 0.076568
1 0.088491 0.683155 0.094026 0.092329
1 0.405854 0.221591 0.236164 0.223770
1 0.240093 0.502581 0.148740 0.124743
0 0.472162 0.401172 0.109926 0.101161
1 0.122197 0.943802 0.133636 0.108759
0 0.133495 0.283821 0.063892 0.113227
1 0.051437 0.060275 0.093213 0.102801
0 0.976651 0.517012 0.046698 0.086874
0 0.641230 0.228402 0.083377 0.064455
0 0.491223 0.908326 0.076897 0.089687
0 0.788536 0.754265 0.085785 0.119592
1 0.884200 0.049468 0.217710 0.081842
0 0.051834 0.059342 0.100086 0.110022
0 0.643097 0.662571 0.070353 0.086027
0 0.012762 0.408067 0.024333 0.085331
0 0.851977 0.597644 0.051219 0.054039
