1 0.434829 0.174951 0.145091 0.163808
1 0.168424 0.344651 0.130723 0.159631
1 0.056463 0.074062 0.112925 0.119728
0 0.138580 0.936613 0.067234 0.126775
1 0.376227 0.364184 0.173150 0.205669
0 0.063080 0.688132 0.080149 0.093544
0 0.588523 0.194814 0.063169 0.059960
0 0.024614 0.551235 0.049227 0.117572
0 0.753092 0.854500 0.083445 0.088832
0 0.080842 0.448571 0.061452 0.041831
0 0.551760 0.035763 0.158813 0.071526
0 0.286696 0.034262 0.077222 0.066254
0 0.785777 0.327754 0.079065 0.102164
1 0.506366 0.033990 0.070140 0.056904
1 0.544561 0.037314 0.154434 0.065056
0 0.521958 0.387428 0.030008 0.049046
0 0.653800 0.230154 0.068900 0.086631
