1 0.410078 0.899752 0.214286 0.194379
0 0.880645 0.965338 0.068238 0.069325
1 0.182453 0.971686 0.113449 0.056629
1 0.104022 0.057440 0.082972 0.095446
1 0.052814 0.712924 0.101857 0.130004
0 0.104781 0.350733 0.131807 0.169540
1 0.329357 0.087357 0.288532 0.162924
0 0.457137 0.486239 0.082660 0.098490
0 0.635238 0.779227 0.042265 0.062760
0 0.300998 0.640101 0.078076 0.079727
0 0.176725 0.546911 0.062955 0.065972
0 0.303353 0.295182 0.121529 0.094291
1 0.106490 0.351415 0.134877 0.158511
1 0.268810 0.079554 0.140847 0.143836
0 0.709606 0.838060 0.070719 0.095653
