0 0.686993 0.478299 0.083783 0.105059
0 0.266804 0.561031 0.119513 0.128446
1 0.673918 0.216569 0.107053 0.124075
0 0.915807 0.726834 0.044833 0.070769
0 0.688700 0.841680 0.114933 0.167900
0 0.598505 0.810174 0.073269 0.104686
0 0.189350 0.408723 0.069928 0.086182
0 0.820731 0.778711 0.079502 0.075262
0 0.704252 0.040995 0.113098 0.078296
0 0.555349 0.741383 0.042077 0.054718
0 0.526122 0.274793 0.087694 0.121860
0 0.019501 0.720865 0.039001 0.064265
0 0.112123 0.653237 0.081738 0.096759
0 0.862385 0.392408 0.037808 0.048902
0 0.760119 0.158266 0.051780 0.063220
0 0.675109 0.215896 0.110190 0.126997
0 0.100358 0.153983 0.052531 0.074203
0 0.656030 0.584011 0.084657 0.097131
0 0.984290 0.114597 0.031421 0.078011
0 0.021092 0.137105 0.042098 0.049287
0 0.922611 0.872939 0.064205 0.099404
0 0.065136 0.045826 0.073594 0.089009
0 0.543717 0.411568 0.049771 0.075763
