1 0.354219 0.790588 0.124911 0.169532
1 0.196420 0.953012 0.152171 0.093975
1 0.478568 0.714252 0.120115 0.152250
0 0.600015 0.744946 0.094915 0.124461
1 0.051553 0.356040 0.103105 0.225079
0 0.022502 0.090218 0.045004 0.082464
0 0.927054 0.111120 0.077661 0.090311
0 0.277701 0.110878 0.082614 0.084973
0 0.151986 0.815419 0.083639 0.134374
0 0.970445 0.288092 0.054266 0.084849
0 0.632928 0.631724 0.105236 0.125712
0 0.848750 0.076800 0.054970 0.072278
0 0.020023 0.909740 0.038555 0.082749
0 0.431536 0.500799 0.073977 0.098308
0 0.480256 0.717363 0.121800 0.139058
0 0.307042 0.909336 0.075411 0.093093
0 0.980884 0.140721 0.034721 0.056191
0 0.777288 0.764577 0.131827 0.127687
0 0.920609 0.541821 0.095497 0.107426
1 0.309390 0.911988 0.079321 0.099467
0 0.728603 0.757615 0.075086 0.099581
