0 0.366276 0.715058 0.101896 0.113306
0 0.496477 0.742759 0.077191 0.090236
0 0.463359 0.903825 0.053248 0.055596
0 0.734429 0.368772 0.065621 0.080282
0 0.536377 0.862636 0.040261 0.056148
0 0.292307 0.452935 0.099323 0.064799
0 0.420454 0.240825 0.038032 0.046892
0 0.243838 0.605754 0.058094 0.083842
0 0.364763 0.054409 0.059068 0.077420
0 0.655086 0.144185 0.075310 0.126895
0 0.824380 0.660970 0.078817 0.092905
0 0.153866 0.559463 0.065262 0.077553
0 0.093614 0.728219 0.060829 0.080584
0 0.449945 0.817810 0.055666 0.061722
0 0.334910 0.464374 0.043771 0.044980
0 0.369784 0.893140 0.051569 0.068257
0 0.625086 0.643422 0.059460 0.081753
0 0.402715 0.592697 0.076727 0.119889
0 0.035145 0.150391 0.067013 0.100140
0 0.026869 0.656226 0.053737 0.088855
0 0.484734 0.109372 0.064107 0.078412
