0 0.816951 0.821790 0.083523 0.139029
0 0.748011 0.793352 0.054356 0.085693
0 0.776610 0.859707 0.060795 0.047017
0 0.924053 0.906218 0.047348 0.058645
0 0.724432 0.966886 0.078030 0.066229
0 0.873769 0.537032 0.026705 0.069515
0 0.908333 0.218402 0.091667 0.189585
0 0.977083 0.194262 0.045833 0.083670
0 0.981629 0.286527 0.036742 0.047776
0 0.926894 0.367796 0.115909 0.096562
0 0.825947 0.426441 0.035227 0.075834
0 0.836080 0.310920 0.060795 0.122851
0 0.754072 0.446284 0.078220 0.059403
0 0.428598 0.579879 0.092045 0.156218
0 0.351799 0.544742 0.075189 0.135490
0 0.263352 0.499115 0.092992 0.073054
0 0.316667 0.738372 0.106818 0.117290
0 0.424053 0.726997 0.050379 0.105662
0 0.507008 0.686931 0.101515 0.124621
0 0.522917 0.797017 0.069697 0.105662
0 0.610417 0.761375 0.069318 0.118301
0 0.684091 0.760490 0.045076 0.082154
0 0.640436 0.627528 0.051705 0.077098
0 0.559280 0.512639 0.081439 0.126390
0 0.504830 0.448938 0.077462 0.063195
0 0.523769 0.356673 0.210795 0.121335
0 0.802462 0.184024 0.073485 0.110212
0 0.802746 0.060794 0.119886 0.121082
0 0.703504 0.298407 0.089205 0.152932
0 0.623201 0.234328 0.073295 0.085440
0 0.521023 0.258215 0.084848 0.106926
0 0.408996 0.207912 0.125189 0.148888
0 0.388447 0.102755 0.072727 0.069515
0 0.280966 0.226871 0.057765 0.149899
0 0.208239 0.156724 0.081629 0.092518
0 0.245644 0.051062 0.096212 0.101618
0 0.271686 0.099469 0.033144 0.048281
0 0.178977 0.397118 0.034470 0.033367
0 0.164583 0.293099 0.045076 0.081648
0 0.143750 0.701972 0.050758 0.055612
0 0.093466 0.963094 0.086553 0.073812
0 0.217519 0.865015 0.048674 0.047017
0 0.186648 0.764408 0.042235 0.049545
0 0.260227 0.594540 0.084848 0.092518
0 0.116667 0.562184 0.046970 0.050051
0 0.423011 0.871840 0.077841 0.052073
0 0.367140 0.381193 0.107765 0.164813
0 0.767424 0.584681 0.088636 0.067240
0 0.712879 0.674039 0.065909 0.085187
0 0.886648 0.757331 0.042235 0.058645
0 0.954072 0.803337 0.033144 0.034378
0 0.916477 0.090748 0.091667 0.071790
0 0.712405 0.033873 0.035795 0.037412
0 0.685795 0.084302 0.053409 0.061426
0 0.613826 0.015925 0.059848 0.025784
0 0.486648 0.044742 0.039583 0.054601
0 0.590057 0.859328 0.024811 0.044237
