0 0.408062 0.915711 0.109050 0.082250
0 0.689932 0.268644 0.067283 0.067025
0 0.305167 0.837180 0.086899 0.082740
0 0.641452 0.396548 0.076209 0.094388
0 0.971355 0.557505 0.049463 0.078861
0 0.032008 0.488423 0.064016 0.098681
0 0.029207 0.152537 0.058065 0.109994
0 0.219693 0.662457 0.066488 0.071806
0 0.975114 0.782783 0.049773 0.089307
0 0.088609 0.427341 0.069101 0.087744
0 0.563929 0.484850 0.060776 0.068023
0 0.329672 0.300328 0.071182 0.069829
0 0.036091 0.637065 0.057116 0.055380
0 0.512040 0.346254 0.066258 0.083697
0 0.549146 0.400896 0.048571 0.070932
0 0.975001 0.924303 0.049065 0.113236
0 0.880936 0.405736 0.046015 0.066026
0 0.791277 0.312707 0.057090 0.098717
0 0.969413 0.657371 0.049335 0.066744
0 0.608376 0.349238 0.071342 0.097415
0 0.161670 0.587465 0.060606 0.089952
