0 0.074402 0.069619 0.103657 0.100667
0 0.759952 0.433974 0.059175 0.079051
0 0.861303 0.837351 0.063391 0.081564
0 0.327327 0.234730 0.048189 0.054446
0 0.708303 0.404858 0.062378 0.068968
0 0.984501 0.609687 0.030998 0.068134
0 0.805358 0.603269 0.096924 0.116210
0 0.448953 0.407067 0.078418 0.107139
0 0.969189 0.963235 0.051742 0.068117
0 0.849949 0.690577 0.113435 0.134394
0 0.665927 0.622222 0.109815 0.133547
0 0.288383 0.040088 0.069828 0.080175
0 0.727002 0.810170 0.082993 0.084894
0 0.740464 0.418483 0.084281 0.089797
