0 0.149054 0.444918 0.070685 0.091418
0 0.947766 0.708617 0.096585 0.114910
0 0.314976 0.685947 0.086545 0.121614
0 0.970112 0.406628 0.055537 0.056379
0 0.037823 0.356816 0.075260 0.096728
0 0.368864 0.452693 0.061900 0.063858
0 0.792482 0.722798 0.055923 0.080598
0 0.383664 0.539802 0.093289 0.089880
0 0.782782 0.374454 0.048379 0.052844
0 0.211757 0.570953 0.054984 0.087729
0 0.027278 0.486133 0.050320 0.045978
0 0.512697 0.111880 0.061088 0.098948
0 0.344061 0.241544 0.047945 0.064066
0 0.457367 0.306518 0.050105 0.064082
0 0.489207 0.770011 0.055419 0.062976
0 0.624486 0.425906 0.122883 0.157035
0 0.716535 0.650354 0.059569 0.087513
0 0.970987 0.972977 0.057355 0.054046
0 0.854771 0.475653 0.066979 0.075557
0 0.608855 0.850759 0.039529 0.050793
