1 0.314354 0.080216 0.149074 0.160431
1 0.500390 0.904603 0.176443 0.190794
1 0.896980 0.434218 0.196134 0.325286
1 0.659127 0.625297 0.137434 0.189799
0 0.113400 0.186541 0.046114 0.052362
0 0.462674 0.069257 0.068690 0.061329
0 0.594166 0.423561 0.061619 0.072931
1 0.735115 0.218289 0.123309 0.103722
1 0.677842 0.940634 0.103245 0.105670
0 0.292774 0.476628 0.074548 0.077621
0 0.034346 0.880876 0.066829 0.104173
0 0.920469 0.153331 0.141429 0.177684
0 0.429839 0.525592 0.058504 0.065448
