0 0.636370 0.810453 0.091112 0.132490
0 0.485390 0.516175 0.070211 0.084051
0 0.461662 0.917981 0.072676 0.084277
0 0.983915 0.251475 0.032170 0.067068
0 0.807050 0.248538 0.091033 0.117543
0 0.542753 0.951929 0.079855 0.085534
0 0.490029 0.696798 0.046308 0.073703
0 0.618028 0.497068 0.050696 0.059644
0 0.283949 0.816729 0.068709 0.066724
0 0.730498 0.869225 0.074597 0.067570
0 0.202181 0.654714 0.082722 0.105908
0 0.438699 0.633065 0.065262 0.077867
0 0.839640 0.975610 0.137219 0.048781
0 0.866228 0.849738 0.066706 0.129086
