0 0.299053 0.516684 0.097348 0.140040
0 0.190814 0.498231 0.079735 0.181496
0 0.314299 0.868428 0.049432 0.132710
0 0.030587 0.483696 0.060795 0.119060
0 0.157197 0.971941 0.057197 0.050051
0 0.120644 0.910768 0.105303 0.084934
0 0.034375 0.850101 0.065341 0.068251
0 0.575473 0.040445 0.088068 0.080384
0 0.904261 0.233696 0.083523 0.108443
0 0.884091 0.337715 0.066288 0.109707
0 0.716572 0.234075 0.105114 0.066734
0 0.804640 0.145475 0.064962 0.060920
0 0.921970 0.091001 0.145455 0.075834
0 0.488447 0.165698 0.098864 0.208038
0 0.402367 0.216759 0.108523 0.132204
0 0.343845 0.332533 0.112689 0.091254
0 0.221307 0.324191 0.140720 0.085187
0 0.180492 0.230283 0.079545 0.099596
0 0.412879 0.411148 0.041667 0.048787
0 0.104072 0.038928 0.091098 0.067240
0 0.093371 0.193504 0.060227 0.125632
0 0.025758 0.153564 0.032576 0.056370
0 0.263163 0.744186 0.035795 0.036906
0 0.744129 0.795627 0.067045 0.086704
0 0.835227 0.895854 0.078788 0.054095
0 0.971496 0.963473 0.057008 0.061931
0 0.624621 0.562690 0.034848 0.026795
0 0.481913 0.466759 0.037689 0.064965
0 0.474432 0.396613 0.044697 0.051062
0 0.582481 0.418478 0.040341 0.054348
0 0.490625 0.300303 0.081250 0.062184
