0 0.222447 0.422931 0.164493 0.223028
0 0.252528 0.929495 0.103332 0.141010
0 0.229711 0.591295 0.143816 0.125592
1 0.347361 0.661687 0.140315 0.192801
0 0.771722 0.222529 0.093442 0.127149
0 0.982235 0.149832 0.035531 0.063712
1 0.867877 0.093336 0.134411 0.160296
0 0.545028 0.958192 0.067310 0.083043
0 0.936348 0.415531 0.065670 0.070074
0 0.464215 0.882193 0.086002 0.114764
0 0.873469 0.088654 0.134497 0.167211
0 0.109643 0.640464 0.075557 0.098873
0 0.681546 0.250380 0.066468 0.080912
0 0.941174 0.328448 0.058466 0.077746
0 0.961482 0.067947 0.076988 0.135894
1 0.767838 0.223892 0.089954 0.114130
0 0.358200 0.971841 0.099804 0.056318
0 0.902149 0.493765 0.067726 0.087414
0 0.959888 0.576507 0.066426 0.078731
0 0.743319 0.302129 0.095172 0.091027
0 0.294422 0.049662 0.117147 0.092042
0 0.167975 0.987079 0.081894 0.025842
0 0.982643 0.123282 0.028442 0.128037
0 0.149797 0.884923 0.068944 0.083245
