0 0.319333 0.650759 0.108408 0.119625
0 0.210666 0.728378 0.083212 0.085020
0 0.376302 0.757109 0.090871 0.078350
0 0.450535 0.855498 0.104200 0.098669
0 0.747626 0.832521 0.040084 0.051536
1 0.867587 0.870374 0.194296 0.233715
0 0.881624 0.851277 0.150032 0.220979
0 0.112829 0.696903 0.059514 0.082104
0 0.318708 0.421489 0.071615 0.095443
0 0.024035 0.398208 0.046683 0.074292
0 0.616679 0.018879 0.072795 0.037758
0 0.185383 0.474908 0.044949 0.053506
0 0.278101 0.564455 0.057591 0.070997
0 0.190574 0.859264 0.054104 0.089068
0 0.465775 0.531219 0.072830 0.097198
0 0.511363 0.378561 0.093041 0.096712
0 0.331828 0.398716 0.056815 0.059962
0 0.621687 0.570437 0.101631 0.160549
