0 0.495885 0.851238 0.042220 0.039787
0 0.378446 0.506768 0.052583 0.068070
0 0.910522 0.971033 0.100276 0.057934
0 0.964779 0.246782 0.062706 0.082218
0 0.188096 0.480909 0.082407 0.117313
0 0.719418 0.431090 0.093430 0.129483
0 0.984135 0.922699 0.031730 0.073382
0 0.028307 0.476213 0.049895 0.104552
0 0.479547 0.277290 0.058480 0.078195
0 0.533412 0.490523 0.070554 0.084230
0 0.633109 0.186572 0.090553 0.123756
0 0.978217 0.257701 0.043566 0.064318
0 0.634647 0.608002 0.081106 0.101676
0 0.495529 0.932973 0.049788 0.075239
