1 0.691875 0.960739 0.075064 0.078521
0 0.110674 0.953746 0.086719 0.089262
0 0.918075 0.331198 0.049045 0.057328
0 0.434553 0.742333 0.108037 0.109328
0 0.625265 0.713000 0.073809 0.105346
0 0.869421 0.817687 0.107950 0.105916
0 0.945040 0.453873 0.064640 0.096134
0 0.536914 0.263522 0.065591 0.087597
0 0.835947 0.931368 0.041911 0.072318
0 0.088002 0.111616 0.100372 0.107809
0 0.596115 0.645874 0.049785 0.069214
0 0.135448 0.753920 0.109730 0.086789
0 0.934466 0.085801 0.111406 0.155398
0 0.912246 0.578916 0.060009 0.094946
0 0.938621 0.911319 0.046113 0.055841
0 0.617275 0.446443 0.082997 0.091586
0 0.259107 0.612806 0.064034 0.086356
