0 0.618202 0.057429 0.100885 0.104835
0 0.645667 0.625077 0.057734 0.075763
0 0.508344 0.829852 0.093509 0.075657
0 0.067103 0.461390 0.063249 0.076880
0 0.341044 0.801419 0.043913 0.043756
0 0.092845 0.960685 0.061118 0.059212
0 0.686695 0.267161 0.034831 0.035322
0 0.639269 0.903199 0.094419 0.087367
0 0.688991 0.850479 0.075415 0.117397
0 0.413233 0.119751 0.089253 0.101937
0 0.521157 0.278794 0.037549 0.039095
0 0.309124 0.221317 0.073392 0.060061
0 0.969544 0.221602 0.060912 0.091849
0 0.624471 0.756857 0.049723 0.067308
0 0.484621 0.595095 0.069646 0.086481
0 0.914861 0.116236 0.078340 0.078485
0 0.370892 0.677888 0.045296 0.057764
0 0.430237 0.630571 0.063391 0.058071
0 0.168501 0.814204 0.043377 0.054048
0 0.711504 0.707549 0.049893 0.074597
0 0.024229 0.778156 0.048458 0.064396
0 0.423514 0.409423 0.031959 0.032610
0 0.926048 0.721796 0.028969 0.038296
0 0.862241 0.478112 0.099087 0.101613
0 0.805798 0.549031 0.065512 0.084352
0 0.179531 0.409052 0.047201 0.041483
