1 0.071326 0.790646 0.131127 0.142911
1 0.171783 0.452556 0.086077 0.103436
0 0.416670 0.775500 0.067249 0.086647
0 0.330319 0.259149 0.077821 0.095097
0 0.968188 0.453202 0.051719 0.078829
0 0.895412 0.525247 0.079832 0.104911
0 0.176598 0.685542 0.053631 0.050476
0 0.805493 0.515631 0.115142 0.138753
0 0.622262 0.938236 0.106933 0.116007
0 0.979445 0.593281 0.040477 0.123797
0 0.626468 0.709217 0.070449 0.091388
0 0.467336 0.597270 0.067949 0.100805
0 0.436786 0.944571 0.183419 0.102506
0 0.636485 0.577581 0.093891 0.119852
0 0.695756 0.355707 0.070509 0.110546
0 0.378187 0.173326 0.044439 0.051250
0 0.364661 0.570351 0.097560 0.073289
0 0.783562 0.865685 0.072085 0.101833
