0 0.663531 0.307103 0.090282 0.088708
0 0.784404 0.840717 0.078019 0.096091
1 0.546285 0.782466 0.142661 0.173253
1 0.059910 0.637386 0.118541 0.325711
0 0.641107 0.808058 0.088067 0.106736
0 0.394429 0.536381 0.081795 0.104873
0 0.926260 0.854974 0.085503 0.097423
0 0.347287 0.269266 0.054202 0.070253
0 0.871121 0.263761 0.117124 0.132176
1 0.332753 0.888398 0.198038 0.206487
0 0.188425 0.804989 0.109909 0.126913
0 0.399383 0.726999 0.091562 0.168788
0 0.819013 0.972052 0.072031 0.055896
0 0.588024 0.090659 0.040342 0.065247
0 0.200701 0.565141 0.054737 0.077911
0 0.380834 0.120459 0.056884 0.069195
0 0.263114 0.156666 0.065126 0.098500
1 0.564120 0.950130 0.233423 0.099740
0 0.269607 0.118747 0.035701 0.046901
0 0.343330 0.504748 0.061058 0.096171
0 0.856502 0.230725 0.094016 0.105278
0 0.048758 0.922312 0.050965 0.079840
0 0.763396 0.876154 0.084957 0.094452
0 0.927538 0.398495 0.058143 0.065392
0 0.311215 0.214503 0.046906 0.065722
