0 0.518471 0.163929 0.064415 0.100621
0 0.282225 0.318687 0.065476 0.090422
0 0.737205 0.100468 0.081328 0.091788
0 0.862437 0.047702 0.109682 0.095403
0 0.319811 0.213820 0.054681 0.072021
0 0.358444 0.438264 0.071687 0.072733
0 0.823788 0.359527 0.055119 0.077815
0 0.322633 0.966244 0.069438 0.064300
0 0.785271 0.443666 0.105233 0.068376
0 0.021491 0.528515 0.042983 0.082619
0 0.259689 0.447365 0.030287 0.043589
0 0.953362 0.796688 0.043072 0.057409
0 0.162093 0.903447 0.057948 0.068837
0 0.061718 0.623383 0.040152 0.063665
0 0.282997 0.646636 0.063912 0.072074
