1 0.615863 0.157616 0.135047 0.177031
1 0.407072 0.122124 0.213783 0.227071
0 0.344417 0.731595 0.082827 0.105571
0 0.564632 0.617910 0.102214 0.154301
1 0.798500 0.094768 0.110400 0.097428
0 0.828355 0.789957 0.088432 0.084339
0 0.795143 0.097184 0.120264 0.096955
1 0.119911 0.295406 0.135129 0.237506
0 0.245363 0.641237 0.076332 0.103711
0 0.022912 0.416827 0.045825 0.134588
0 0.727086 0.477594 0.097590 0.128837
0 0.379197 0.852549 0.068631 0.074472
0 0.109227 0.072027 0.106393 0.140780
0 0.565712 0.932505 0.068484 0.111718
0 0.738451 0.206743 0.108954 0.099716
0 0.016507 0.761547 0.033014 0.126807
0 0.783557 0.617035 0.089325 0.106237
0 0.596289 0.027802 0.078997 0.055604
0 0.688319 0.622223 0.077369 0.099262
0 0.493708 0.422919 0.072897 0.092929
0 0.980691 0.350568 0.038618 0.089262
0 0.618142 0.814567 0.060721 0.073822
0 0.189370 0.798375 0.070020 0.078389
