0 0.654658 0.929131 0.112980 0.134403
0 0.820764 0.208567 0.088191 0.106036
0 0.797948 0.698204 0.073930 0.084676
0 0.660280 0.698633 0.088193 0.098536
0 0.844383 0.894920 0.081577 0.068683
0 0.569451 0.149136 0.054558 0.071784
0 0.286546 0.319257 0.112396 0.143397
0 0.053701 0.639964 0.094299 0.115784
0 0.595090 0.630519 0.080945 0.110813
0 0.941747 0.950475 0.083882 0.087676
0 0.926592 0.591321 0.058902 0.073218
0 0.604855 0.842842 0.047097 0.085679
0 0.728395 0.673731 0.042462 0.050120
0 0.417269 0.284985 0.074869 0.096165
0 0.023320 0.226071 0.043639 0.057613
0 0.228417 0.477051 0.059626 0.066080
0 0.635480 0.364381 0.051865 0.063452
0 0.525258 0.481890 0.073767 0.111660
0 0.178930 0.408234 0.069956 0.069441
0 0.456189 0.876886 0.103584 0.145175
0 0.920508 0.376245 0.077411 0.114885
0 0.496402 0.018953 0.083059 0.037906
0 0.326031 0.058494 0.093302 0.090424
0 0.628742 0.485511 0.064308 0.100841
0 0.166497 0.314826 0.097228 0.079274
