0 0.728394 0.241310 0.089735 0.082207
0 0.151959 0.657007 0.085017 0.105209
0 0.446218 0.733507 0.047726 0.059141
0 0.346878 0.301938 0.030149 0.038098
0 0.087564 0.440252 0.044089 0.047853
0 0.768436 0.136912 0.040637 0.034424
0 0.916173 0.038202 0.077036 0.076405
0 0.145437 0.107721 0.052205 0.072168
0 0.032048 0.142653 0.061905 0.143167
0 0.403916 0.272861 0.047678 0.035112
0 0.088858 0.049001 0.082007 0.082557
0 0.436644 0.551511 0.070834 0.077721
0 0.044072 0.935803 0.072908 0.101809
0 0.383976 0.661918 0.033438 0.041898
0 0.289932 0.125112 0.085993 0.092799
0 0.686151 0.489545 0.049484 0.052664
0 0.429247 0.270740 0.047638 0.031624
0 0.196326 0.543108 0.048642 0.068774
0 0.460777 0.489600 0.054120 0.056773
0 0.375851 0.757261 0.040891 0.056017
0 0.818902 0.333678 0.050119 0.056173
