0 0.184946 0.652347 0.092772 0.128453
0 0.582450 0.294800 0.086596 0.102161
0 0.737002 0.829062 0.079216 0.091601
0 0.453538 0.279004 0.077698 0.106269
0 0.529235 0.357840 0.048545 0.064818
0 0.409983 0.514895 0.078928 0.071639
0 0.407637 0.186197 0.047062 0.060000
0 0.593578 0.812533 0.073540 0.091228
0 0.684774 0.372997 0.087335 0.100562
0 0.358495 0.663346 0.055929 0.056620
0 0.161701 0.800456 0.071733 0.079786
0 0.533768 0.721124 0.070378 0.078869
0 0.282197 0.620056 0.062892 0.076288
0 0.817326 0.557671 0.079546 0.084548
0 0.518471 0.220859 0.045073 0.066097
0 0.600780 0.207812 0.064811 0.083268
0 0.033669 0.618692 0.065103 0.087072
0 0.972656 0.096308 0.051894 0.089683
0 0.063626 0.625524 0.113064 0.090831
0 0.707756 0.698140 0.057508 0.068435
0 0.303839 0.414602 0.051411 0.068216
0 0.958229 0.206174 0.065816 0.075177
0 0.900515 0.875972 0.057589 0.060694
0 0.780170 0.855851 0.043235 0.050258
0 0.402416 0.976231 0.058304 0.047538
0 0.809403 0.904382 0.049341 0.051753
0 0.592472 0.257940 0.068561 0.111442
0 0.343601 0.531557 0.049763 0.074391
