1 0.771501 0.526700 0.164324 0.222135
1 0.605968 0.274574 0.150839 0.197446
1 0.778535 0.285177 0.171833 0.186952
1 0.392203 0.463065 0.172962 0.185088
1 0.579383 0.505441 0.091930 0.113244
0 0.240837 0.901133 0.065853 0.087848
0 0.652699 0.088269 0.069934 0.096513
0 0.404210 0.881664 0.117805 0.169464
1 0.935445 0.571446 0.129111 0.206805
0 0.081203 0.741653 0.088322 0.135927
0 0.506085 0.229373 0.064105 0.073133
1 0.887973 0.071883 0.215093 0.143766
0 0.745656 0.098176 0.099474 0.125263
0 0.958750 0.966003 0.068132 0.067995
0 0.431958 0.120819 0.077337 0.106846
0 0.834490 0.930245 0.044379 0.053479
0 0.606408 0.815701 0.160228 0.157909
0 0.837332 0.797864 0.130602 0.106137
0 0.878428 0.966166 0.045576 0.067667
0 0.367917 0.016503 0.050692 0.032110
0 0.390526 0.668351 0.088916 0.059188
