1 0.903868 0.108332 0.112781 0.189271
1 0.804727 0.152991 0.114247 0.146052
0 0.131675 0.531548 0.088668 0.095939
0 0.283711 0.605974 0.073449 0.077969
0 0.222748 0.705732 0.089764 0.077912
0 0.880427 0.958224 0.080584 0.082676
0 0.647382 0.955857 0.066730 0.072096
0 0.315979 0.334978 0.069296 0.073503
0 0.220805 0.626028 0.053042 0.054302
0 0.136051 0.676898 0.037820 0.044871
0 0.281406 0.105682 0.047213 0.053211
0 0.417856 0.822897 0.051449 0.083792
0 0.936519 0.973670 0.063930 0.052661
0 0.695786 0.129151 0.089158 0.113736
0 0.329507 0.645024 0.054994 0.069343
0 0.022909 0.232732 0.040694 0.068494
0 0.834364 0.866649 0.049126 0.066496
0 0.260405 0.928652 0.032987 0.050543
0 0.780505 0.430985 0.071469 0.079622
0 0.630825 0.228932 0.078640 0.089634
0 0.038201 0.780301 0.058726 0.091059
0 0.041754 0.438837 0.067225 0.068726
