0 0.675620 0.748580 0.090892 0.112534
0 0.042784 0.894743 0.075724 0.099508
0 0.785701 0.557008 0.079092 0.098748
0 0.043199 0.363841 0.083672 0.099150
0 0.812174 0.647269 0.091793 0.079780
0 0.601528 0.498647 0.050762 0.059281
0 0.206407 0.504255 0.062358 0.061576
0 0.679838 0.476431 0.068534 0.067596
0 0.100407 0.213105 0.140126 0.160662
0 0.529534 0.194911 0.081575 0.085995
0 0.301148 0.103037 0.092670 0.079730
0 0.360598 0.290774 0.063572 0.074205
0 0.804669 0.020322 0.097484 0.040644
0 0.270197 0.526079 0.045311 0.039606
0 0.237061 0.618937 0.082476 0.094925
0 0.194942 0.214700 0.073479 0.089569
0 0.929756 0.775465 0.068335 0.097656
0 0.136971 0.403235 0.071612 0.065446
0 0.819060 0.848841 0.048094 0.061740
