0 0.233596 0.958518 0.062625 0.074526
0 0.790524 0.850938 0.061493 0.077263
0 0.965184 0.562697 0.066549 0.088862
0 0.488559 0.736086 0.084117 0.094774
0 0.529524 0.203112 0.063788 0.064145
0 0.971587 0.953173 0.053925 0.082988
0 0.205325 0.870055 0.073881 0.077747
0 0.657918 0.566255 0.055108 0.064765
0 0.859660 0.402463 0.074177 0.075027
0 0.524440 0.722022 0.119579 0.105236
0 0.018048 0.856785 0.035607 0.153320
0 0.973408 0.786755 0.052827 0.079080
0 0.969935 0.354959 0.040013 0.042427
0 0.811679 0.549143 0.077329 0.081449
0 0.459550 0.652872 0.075181 0.067015
0 0.938537 0.351800 0.079051 0.069452
0 0.832694 0.525183 0.056086 0.060973
0 0.559254 0.708628 0.089546 0.107027
