0 0.784416 0.797761 0.044195 0.046821
0 0.857468 0.556755 0.070607 0.079659
0 0.052095 0.962743 0.079604 0.074514
0 0.905334 0.450413 0.048445 0.026417
0 0.839783 0.542623 0.044198 0.043975
0 0.688480 0.256416 0.065728 0.077084
0 0.746917 0.918589 0.051249 0.057969
0 0.959105 0.300156 0.072988 0.064271
0 0.802693 0.397857 0.053522 0.065975
0 0.707344 0.480267 0.079990 0.116518
0 0.882818 0.657274 0.065791 0.067951
0 0.825475 0.424896 0.055493 0.056149
0 0.066441 0.887871 0.079050 0.085388
0 0.017321 0.677623 0.034642 0.083301
0 0.954444 0.377774 0.049353 0.041034
0 0.583569 0.701916 0.074496 0.098104
0 0.795285 0.388142 0.034870 0.041483
0 0.870078 0.672109 0.049463 0.045757
0 0.160785 0.806930 0.078491 0.066146
0 0.139134 0.072308 0.062960 0.122984
0 0.763427 0.377723 0.061619 0.059030
0 0.368618 0.890782 0.114853 0.109478
0 0.698139 0.822418 0.049228 0.059797
0 0.776332 0.509680 0.065303 0.090768
