1 0.227236 0.785514 0.140873 0.161637
1 0.425451 0.641780 0.164429 0.198170
1 0.370888 0.458304 0.127299 0.153816
1 0.485392 0.941552 0.259319 0.114853
0 0.143273 0.269570 0.061458 0.078930
1 0.095677 0.924935 0.093422 0.109566
0 0.078140 0.441281 0.131771 0.100765
0 0.095026 0.923708 0.089032 0.115252
1 0.249084 0.490236 0.085347 0.093844
0 0.044356 0.712879 0.088712 0.148531
0 0.955559 0.795007 0.050870 0.068066
0 0.033368 0.086939 0.059737 0.062668
0 0.256904 0.222472 0.040840 0.052721
