0 0.423262 0.822853 0.070064 0.086415
0 0.900772 0.743978 0.068071 0.091940
0 0.295274 0.330938 0.045709 0.048896
0 0.761183 0.737202 0.091889 0.109253
0 0.493949 0.320532 0.047916 0.068648
0 0.518476 0.233400 0.045995 0.060243
1 0.375686 0.684114 0.119015 0.137171
0 0.376702 0.681552 0.114651 0.159114
0 0.360549 0.404968 0.066042 0.061594
0 0.594903 0.981684 0.081184 0.028839
0 0.911562 0.220461 0.071411 0.107802
0 0.707851 0.333350 0.077027 0.068332
0 0.205131 0.568124 0.068655 0.065773
0 0.979891 0.221452 0.040218 0.076394
