1 0.882601 0.323990 0.170633 0.185968
0 0.527905 0.464333 0.038645 0.047021
0 0.588794 0.286809 0.080129 0.069423
0 0.390448 0.494477 0.050403 0.064014
0 0.758628 0.177540 0.099605 0.097315
0 0.267354 0.263063 0.066274 0.071810
0 0.168938 0.464132 0.035048 0.036322
0 0.685546 0.530638 0.053805 0.071850
0 0.864810 0.942498 0.093532 0.100528
0 0.528791 0.230225 0.034497 0.049865
0 0.306609 0.473211 0.073581 0.068803
1 0.981217 0.167790 0.036456 0.167751
0 0.606005 0.292127 0.051599 0.049766
0 0.112090 0.174847 0.110734 0.106232
0 0.978913 0.594259 0.042174 0.063677
0 0.468132 0.240831 0.060900 0.075093
0 0.644822 0.412646 0.068067 0.086392
0 0.657397 0.802872 0.086259 0.067936
0 0.709279 0.647242 0.088977 0.113130
0 0.114330 0.665181 0.070512 0.084531
0 0.485428 0.316945 0.054432 0.073626
0 0.433546 0.202928 0.043662 0.055683
0 0.032779 0.146786 0.064943 0.108746
0 0.563647 0.445442 0.064123 0.074433
0 0.582384 0.462051 0.042651 0.055692
