0 0.708085 0.379211 0.092968 0.096234
0 0.156780 0.895851 0.121089 0.117564
0 0.578758 0.681510 0.065430 0.075523
0 0.898309 0.183542 0.049001 0.069820
0 0.720819 0.752151 0.052812 0.069695
0 0.968598 0.929839 0.050005 0.068917
0 0.710873 0.885857 0.068989 0.074782
0 0.627667 0.799810 0.044912 0.052155
0 0.786937 0.903862 0.052604 0.066230
0 0.877575 0.031137 0.092713 0.062273
0 0.366128 0.548011 0.094674 0.134257
0 0.553861 0.849407 0.041098 0.052882
0 0.662424 0.858171 0.050369 0.053997
0 0.279618 0.622761 0.086104 0.087310
0 0.418791 0.027631 0.090180 0.055262
0 0.475810 0.603729 0.071384 0.066353
0 0.731691 0.978994 0.032506 0.042013
0 0.772449 0.577269 0.032955 0.045344
0 0.413818 0.884328 0.118082 0.164883
0 0.027640 0.526777 0.051984 0.113471
0 0.687517 0.909039 0.079558 0.065701
