0 0.632968 0.270033 0.076830 0.106344
0 0.766594 0.282645 0.066180 0.071280
0 0.396820 0.520576 0.079091 0.101805
0 0.711907 0.135773 0.098532 0.098525
0 0.860331 0.303632 0.082713 0.098127
0 0.334570 0.393375 0.057554 0.062524
0 0.506707 0.811452 0.069873 0.104427
0 0.558873 0.151750 0.078883 0.070788
0 0.574299 0.581891 0.082390 0.100221
0 0.806726 0.702784 0.075213 0.066402
0 0.165556 0.413913 0.064023 0.087873
0 0.040759 0.477363 0.058193 0.075288
0 0.394456 0.320262 0.068283 0.096301
0 0.371740 0.650071 0.074456 0.081906
0 0.503513 0.495809 0.032665 0.051786
0 0.478084 0.126409 0.035348 0.043653
0 0.701752 0.344639 0.061376 0.075226
0 0.016463 0.672714 0.032926 0.071838
0 0.350309 0.261300 0.054825 0.070092
0 0.554442 0.457586 0.034975 0.028937
0 0.836636 0.907355 0.085069 0.123618
0 0.235002 0.308987 0.061319 0.051754
0 0.255923 0.750066 0.083722 0.085520
0 0.110746 0.390458 0.065050 0.064435
0 0.269510 0.662377 0.053212 0.072056
0 0.134611 0.482748 0.061683 0.054529
0 0.431139 0.841156 0.045688 0.053130
0 0.688964 0.854692 0.065666 0.087738
0 0.418282 0.287499 0.054117 0.083333
0 0.775653 0.159548 0.043811 0.057726
0 0.413222 0.139047 0.030251 0.037931
0 0.902531 0.125553 0.083790 0.098881
0 0.483859 0.646818 0.072544 0.078426
0 0.355400 0.377775 0.092589 0.094424
0 0.135167 0.051320 0.108508 0.086639
0 0.499050 0.277161 0.040647 0.040742
0 0.848430 0.515376 0.127926 0.114174
0 0.524638 0.632448 0.112588 0.114533
0 0.634139 0.469807 0.071141 0.086439
0 0.265638 0.713584 0.073932 0.122393
