1 0.402058 0.718240 0.144471 0.164308
0 0.455460 0.573505 0.098052 0.133508
1 0.269581 0.812983 0.131750 0.134875
0 0.855719 0.671955 0.105968 0.166242
0 0.340547 0.388744 0.102041 0.124664
0 0.040759 0.730781 0.078029 0.123172
1 0.591111 0.435983 0.182094 0.209352
0 0.235215 0.235494 0.067038 0.074295
1 0.805565 0.979590 0.119920 0.040821
0 0.966138 0.341524 0.067724 0.132168
0 0.632368 0.640268 0.076049 0.097501
0 0.954937 0.596371 0.069005 0.102196
0 0.427815 0.145316 0.064181 0.088847
0 0.312795 0.493249 0.162634 0.262070
1 0.313014 0.495984 0.160682 0.256432
0 0.876510 0.525561 0.065677 0.108459
0 0.494839 0.236565 0.099683 0.108953
0 0.651839 0.304400 0.046728 0.067300
0 0.591679 0.433834 0.184974 0.200249
0 0.270864 0.811394 0.145379 0.140996
0 0.388125 0.039173 0.130605 0.078346
