0 0.439794 0.941635 0.098640 0.104366
0 0.182665 0.897453 0.077332 0.103184
0 0.482896 0.478330 0.085216 0.103444
0 0.813216 0.280100 0.089092 0.129602
0 0.946742 0.844776 0.096095 0.099072
0 0.595055 0.459979 0.096775 0.104500
0 0.706191 0.518037 0.112545 0.103704
0 0.394862 0.569208 0.077091 0.068312
0 0.253254 0.861622 0.063580 0.075618
0 0.219978 0.549356 0.085924 0.087892
0 0.178554 0.753077 0.057497 0.072004
0 0.978377 0.222546 0.043245 0.081288
0 0.764597 0.655619 0.061419 0.078647
0 0.552977 0.628488 0.082045 0.079694
0 0.681930 0.978122 0.057568 0.043756
0 0.060912 0.562482 0.044625 0.068282
0 0.335443 0.568501 0.058837 0.072164
0 0.970206 0.833354 0.059588 0.084563
0 0.478949 0.842538 0.025273 0.046434
0 0.662032 0.415416 0.054153 0.069295
0 0.982794 0.821607 0.034412 0.070926
0 0.845585 0.517685 0.050732 0.062845
0 0.051725 0.479199 0.033447 0.037116
0 0.694221 0.194332 0.074838 0.106362
0 0.492343 0.734383 0.092349 0.144691
0 0.706964 0.675253 0.061700 0.080596
0 0.615713 0.660454 0.062981 0.065771
