0 0.362982 0.407405 0.052928 0.053606
0 0.879623 0.431185 0.073647 0.067241
0 0.539818 0.614216 0.045692 0.052424
0 0.418685 0.601666 0.082456 0.088293
0 0.134911 0.059547 0.105569 0.080279
0 0.964814 0.319418 0.064292 0.102288
0 0.890293 0.690220 0.071434 0.071735
0 0.411012 0.520683 0.063063 0.080582
0 0.943843 0.150847 0.074399 0.081868
0 0.317170 0.349940 0.040733 0.060754
0 0.438019 0.602715 0.060124 0.065502
0 0.348210 0.561439 0.027536 0.038256
0 0.834642 0.650565 0.082257 0.092084
0 0.085989 0.048241 0.076595 0.076358
0 0.964141 0.626966 0.056327 0.069431
0 0.069089 0.028035 0.056558 0.056071
0 0.159917 0.059729 0.073975 0.059859
