1 0.090248 0.483365 0.165914 0.362038
1 0.386669 0.904796 0.256398 0.187672
1 0.582546 0.805872 0.122784 0.176064
0 0.515754 0.467157 0.096617 0.110725
0 0.647142 0.393066 0.082887 0.072154
0 0.945969 0.097716 0.101781 0.107035
1 0.257755 0.631998 0.163810 0.210622
0 0.786851 0.458467 0.082171 0.111190
0 0.722990 0.749950 0.086936 0.098031
0 0.545630 0.629039 0.074905 0.087004
0 0.410008 0.577546 0.170481 0.190864
0 0.964906 0.555159 0.070188 0.116490
0 0.035630 0.853366 0.070606 0.156109
0 0.935319 0.245120 0.098751 0.093153
0 0.837951 0.270293 0.063652 0.059076
0 0.893874 0.669653 0.137316 0.137640
0 0.265357 0.439151 0.074112 0.113039
0 0.030265 0.134976 0.058220 0.070501
0 0.276156 0.114535 0.090678 0.105101
0 0.541075 0.968314 0.105399 0.061451
0 0.920727 0.387645 0.044806 0.052311
0 0.291997 0.280385 0.033660 0.039823
0 0.346663 0.483691 0.046439 0.046377
0 0.468972 0.216976 0.106761 0.152506
0 0.867129 0.463115 0.055430 0.087480
0 0.786930 0.212406 0.078033 0.101415
