0 0.934306 0.658942 0.113793 0.077718
0 0.280634 0.914824 0.074432 0.065421
0 0.089099 0.657035 0.087131 0.114400
0 0.191302 0.625560 0.086356 0.111694
0 0.812265 0.334617 0.076894 0.081547
0 0.185603 0.387877 0.085769 0.107339
0 0.937313 0.182708 0.042961 0.046710
0 0.035311 0.705766 0.067932 0.071658
0 0.267337 0.789513 0.092909 0.109380
0 0.961466 0.648230 0.057241 0.068561
0 0.910430 0.909100 0.047354 0.076898
0 0.829014 0.769511 0.057162 0.069720
0 0.157784 0.425527 0.089338 0.104846
0 0.111143 0.084422 0.065300 0.078883
0 0.743877 0.672275 0.071355 0.076151
0 0.548214 0.518080 0.078600 0.090360
0 0.592088 0.585842 0.051036 0.099307
0 0.166868 0.442206 0.061860 0.067375
0 0.325212 0.863393 0.034728 0.051141
0 0.095239 0.826049 0.058027 0.066018
