0 0.433799 0.409522 0.075018 0.090472
0 0.370056 0.894467 0.059963 0.078580
0 0.614573 0.548959 0.079177 0.106775
0 0.960869 0.275585 0.078263 0.107394
0 0.485933 0.341777 0.070829 0.082987
0 0.303228 0.819308 0.081075 0.101064
0 0.391852 0.772818 0.064234 0.058788
0 0.406025 0.662420 0.072195 0.076157
0 0.179487 0.731444 0.094899 0.114506
0 0.654410 0.393429 0.132565 0.167073
0 0.097501 0.654120 0.035514 0.049758
0 0.558947 0.421137 0.064908 0.084722
0 0.511987 0.701478 0.061435 0.088987
0 0.768027 0.708398 0.063504 0.082510
0 0.304062 0.202236 0.067405 0.075011
0 0.211323 0.581733 0.081432 0.079950
0 0.435365 0.509305 0.097282 0.107510
0 0.771151 0.781723 0.035320 0.052108
0 0.961695 0.955433 0.071054 0.082390
1 0.616519 0.547257 0.079881 0.106835
0 0.038532 0.927205 0.041083 0.055260
0 0.089319 0.491105 0.081621 0.084022
0 0.817945 0.084754 0.055472 0.062659
0 0.017177 0.601884 0.034355 0.044955
0 0.817267 0.297507 0.076559 0.056729
