0 0.533468 0.462099 0.073197 0.066623
0 0.938329 0.467596 0.058774 0.070836
0 0.496209 0.075320 0.067982 0.081606
0 0.719089 0.573520 0.053235 0.058962
0 0.367377 0.459677 0.116043 0.107913
1 0.867642 0.112411 0.139756 0.122538
0 0.370238 0.048840 0.072513 0.082904
0 0.458783 0.693323 0.082640 0.087384
0 0.201210 0.611431 0.083774 0.074781
0 0.453152 0.861734 0.064634 0.074300
0 0.820082 0.216395 0.107250 0.109491
0 0.486937 0.670167 0.101368 0.110694
0 0.740042 0.448628 0.057839 0.070496
0 0.432770 0.799454 0.033769 0.038370
0 0.010780 0.506819 0.019896 0.056506
1 0.820303 0.027731 0.073523 0.053166
0 0.511718 0.624468 0.074058 0.099202
0 0.460117 0.542362 0.048582 0.076456
0 0.417816 0.420449 0.044310 0.078118
0 0.817318 0.032215 0.080496 0.060167
0 0.156722 0.524544 0.074457 0.090731
0 0.315283 0.614093 0.065259 0.086890
