0 0.077842 0.083500 0.102501 0.153453
0 0.554531 0.322988 0.057542 0.061184
0 0.622994 0.407064 0.062329 0.085891
0 0.271035 0.774914 0.054042 0.069222
0 0.658326 0.961935 0.092118 0.076129
0 0.776361 0.418765 0.071636 0.088349
0 0.345308 0.932088 0.049347 0.052759
0 0.832050 0.350342 0.054961 0.072725
0 0.616642 0.272836 0.056742 0.059009
0 0.867788 0.908300 0.090203 0.105617
0 0.571307 0.337067 0.066402 0.071653
0 0.381432 0.766261 0.059174 0.103253
0 0.460120 0.092838 0.057603 0.090293
0 0.926516 0.794696 0.064083 0.056460
0 0.780671 0.195004 0.069036 0.091197
0 0.774447 0.115209 0.048682 0.070144
0 0.144308 0.589519 0.058153 0.060804
0 0.469059 0.665493 0.049942 0.064578
0 0.628190 0.116549 0.082676 0.099568
0 0.536330 0.309484 0.051865 0.065124
