0 0.344827 0.579226 0.081229 0.068251
0 0.812463 0.279552 0.053923 0.058999
0 0.125990 0.923718 0.060196 0.083038
0 0.590211 0.046561 0.067059 0.076646
0 0.465995 0.083826 0.087078 0.082197
0 0.044510 0.864247 0.074642 0.104850
0 0.465394 0.537545 0.079422 0.070011
0 0.966298 0.084641 0.067405 0.113620
0 0.057187 0.543182 0.099460 0.119342
0 0.829446 0.099056 0.054682 0.053030
0 0.965048 0.852745 0.069905 0.139111
1 0.855297 0.159296 0.101310 0.165362
0 0.295550 0.981983 0.090423 0.036035
