0 0.865660 0.269967 0.073711 0.068643
0 0.981496 0.083908 0.037008 0.104093
0 0.832147 0.373098 0.078334 0.090857
0 0.573831 0.377572 0.070670 0.117124
0 0.129772 0.823571 0.057018 0.055373
0 0.543914 0.039853 0.102255 0.078274
0 0.514934 0.557367 0.046437 0.052917
0 0.963724 0.388100 0.066655 0.094172
0 0.142386 0.812668 0.044256 0.044590
0 0.415392 0.125005 0.076406 0.085333
0 0.953640 0.019680 0.092719 0.039360
0 0.632665 0.265234 0.091198 0.111097
0 0.603053 0.334312 0.040014 0.056603
0 0.972419 0.788963 0.055161 0.095990
0 0.195510 0.381620 0.083524 0.092413
0 0.220217 0.290134 0.064797 0.115478
0 0.600923 0.358435 0.087942 0.112753
