0 0.609101 0.667178 0.055830 0.068376
0 0.367890 0.222062 0.086614 0.115901
0 0.017518 0.583894 0.035036 0.114957
0 0.977279 0.106389 0.045442 0.093837
0 0.847942 0.697673 0.071403 0.050059
0 0.914594 0.399436 0.170813 0.149551
0 0.070216 0.332165 0.041335 0.051556
0 0.825189 0.870471 0.051579 0.062394
0 0.740291 0.029506 0.072188 0.058821
0 0.087634 0.042343 0.087859 0.076212
0 0.225586 0.845824 0.066970 0.106357
0 0.878929 0.263772 0.080123 0.116368
0 0.273369 0.544216 0.057775 0.074716
1 0.857025 0.695967 0.103443 0.053490
0 0.230348 0.513288 0.072020 0.090589
0 0.389307 0.342334 0.045898 0.060628
0 0.382978 0.183119 0.074174 0.100160
