0 0.760981 0.927368 0.090711 0.078977
0 0.646406 0.484840 0.093539 0.085795
0 0.848253 0.260078 0.090918 0.095196
0 0.262187 0.076162 0.098711 0.111885
0 0.290684 0.833453 0.076785 0.073897
0 0.754763 0.430328 0.042654 0.044654
0 0.953673 0.958123 0.080012 0.082411
0 0.667221 0.186951 0.062862 0.066868
0 0.474513 0.492504 0.076928 0.103824
0 0.833541 0.112003 0.046884 0.047089
0 0.954464 0.222312 0.031164 0.031605
0 0.981985 0.768866 0.034543 0.146719
0 0.862209 0.236814 0.064084 0.087003
0 0.237724 0.337946 0.066061 0.064808
