0 0.793162 0.195653 0.063106 0.070423
0 0.642913 0.475331 0.075805 0.081161
0 0.966138 0.654025 0.067724 0.052577
0 0.204665 0.207249 0.074383 0.072954
0 0.223993 0.282830 0.050412 0.079239
0 0.692153 0.608334 0.114745 0.093499
0 0.899611 0.610927 0.050703 0.074306
0 0.767581 0.358975 0.068134 0.086211
0 0.544772 0.735578 0.074794 0.079501
0 0.788710 0.519899 0.066312 0.064726
0 0.028403 0.282734 0.054615 0.097026
0 0.655422 0.316450 0.054728 0.062308
0 0.956827 0.651248 0.086346 0.087747
0 0.883991 0.923858 0.063397 0.082276
0 0.621028 0.941645 0.121135 0.116710
0 0.982913 0.477274 0.034175 0.056733
0 0.191222 0.619318 0.057213 0.077325
0 0.947818 0.258828 0.050709 0.063629
