1 0.187158 0.374042 0.148226 0.192913
0 0.391874 0.818686 0.102203 0.117198
0 0.748211 0.548212 0.043135 0.044576
0 0.972966 0.924133 0.054069 0.088069
0 0.963696 0.668326 0.033073 0.045396
0 0.057010 0.044227 0.073245 0.080412
0 0.484404 0.026406 0.115356 0.052811
1 0.361120 0.103704 0.130983 0.150454
0 0.156957 0.185285 0.073335 0.110577
0 0.606315 0.057237 0.096201 0.114474
1 0.423132 0.281505 0.140135 0.215961
1 0.419838 0.414518 0.097541 0.107345
0 0.698483 0.613379 0.046121 0.056650
0 0.729964 0.079165 0.069004 0.094255
0 0.545046 0.373930 0.098527 0.118312
0 0.878080 0.885720 0.034336 0.042096
1 0.311681 0.230223 0.076456 0.111767
0 0.730930 0.936532 0.027781 0.042977
0 0.307741 0.228898 0.073043 0.100075
0 0.904053 0.886339 0.062430 0.057649
0 0.926703 0.376605 0.070554 0.084191
0 0.045653 0.743824 0.068634 0.098866
0 0.417907 0.413855 0.103837 0.105887
