1 0.477770 0.339807 0.242748 0.298852
1 0.158459 0.106908 0.315688 0.208764
1 0.210666 0.390359 0.108825 0.155391
1 0.862591 0.766468 0.162705 0.163430
1 0.086179 0.278398 0.102304 0.111212
1 0.819180 0.895900 0.117264 0.118544
1 0.466685 0.038050 0.231299 0.076099
1 0.967820 0.683661 0.064359 0.144426
0 0.623043 0.814445 0.080424 0.117864
0 0.419910 0.817085 0.116338 0.153574
1 0.423230 0.814923 0.120127 0.145767
1 0.014243 0.333778 0.028486 0.133336
1 0.707189 0.951874 0.133528 0.096252
0 0.675902 0.957418 0.207164 0.085163
1 0.138891 0.663570 0.277781 0.312087
