0 0.505839 0.609713 0.101879 0.118362
0 0.764959 0.795731 0.113976 0.129683
0 0.032694 0.107211 0.065388 0.105024
0 0.966287 0.634210 0.057934 0.070819
0 0.233786 0.689943 0.039019 0.055826
0 0.454460 0.035369 0.103803 0.070738
0 0.607961 0.462712 0.075846 0.077190
0 0.751722 0.266094 0.057157 0.046550
0 0.115860 0.575799 0.074667 0.074359
0 0.050686 0.786624 0.053209 0.062465
0 0.067631 0.263500 0.043859 0.049945
0 0.670444 0.353971 0.031389 0.040122
0 0.258564 0.210520 0.043255 0.047901
0 0.471590 0.574675 0.047231 0.075812
0 0.555711 0.419804 0.038778 0.045672
0 0.342033 0.297191 0.062961 0.066343
0 0.933162 0.574362 0.038070 0.050069
0 0.721697 0.750661 0.029416 0.051492
