0 0.215504 0.648720 0.057367 0.076317
0 0.033222 0.515594 0.061238 0.115170
0 0.175395 0.343938 0.086771 0.107331
0 0.301284 0.613435 0.100235 0.122715
0 0.668094 0.883312 0.076327 0.086582
0 0.054222 0.878647 0.077145 0.153793
0 0.452788 0.220264 0.066391 0.119532
0 0.741330 0.562713 0.074890 0.102784
0 0.934956 0.739881 0.069043 0.099977
0 0.590242 0.868714 0.044126 0.055267
0 0.686649 0.363090 0.084097 0.106037
0 0.834425 0.793467 0.071870 0.110542
0 0.688445 0.908210 0.082788 0.123484
0 0.705600 0.944651 0.076548 0.107431
