0 0.695052 0.097142 0.075272 0.093991
0 0.966436 0.215050 0.067128 0.099721
0 0.201579 0.462223 0.084353 0.103182
0 0.390508 0.513339 0.103133 0.098411
0 0.137553 0.566987 0.054525 0.074071
0 0.812129 0.253685 0.078478 0.088411
0 0.603166 0.525073 0.080095 0.086426
0 0.016028 0.909946 0.032056 0.063527
0 0.467492 0.703318 0.075574 0.078059
0 0.907892 0.974768 0.053246 0.050464
0 0.806037 0.419794 0.077442 0.097564
0 0.625238 0.212930 0.058484 0.073063
0 0.333820 0.380645 0.056680 0.074441
0 0.777571 0.974270 0.084958 0.051460
0 0.689265 0.672162 0.101536 0.100528
0 0.859063 0.699164 0.070215 0.086132
0 0.861341 0.933665 0.038567 0.053349
0 0.586058 0.911262 0.052981 0.057924
0 0.117081 0.709973 0.052228 0.059047
