1 0.912151 0.387678 0.175698 0.194329
1 0.490256 0.318933 0.200814 0.201685
1 0.558842 0.181718 0.129693 0.158811
0 0.935557 0.934829 0.102995 0.121062
1 0.376927 0.072146 0.245092 0.141405
0 0.222926 0.473326 0.103302 0.096639
1 0.690312 0.470253 0.229164 0.388619
1 0.771548 0.261092 0.086106 0.074983
0 0.641062 0.969729 0.071953 0.060542
0 0.482608 0.516133 0.095626 0.107057
1 0.176080 0.155016 0.121851 0.149217
0 0.909769 0.703188 0.163419 0.177929
0 0.039713 0.206729 0.079242 0.099349
0 0.716274 0.885396 0.079441 0.106283
1 0.651539 0.379248 0.158681 0.211877
0 0.570034 0.975117 0.074636 0.049766
0 0.817298 0.973879 0.070591 0.052243
0 0.252715 0.733570 0.116362 0.139993
0 0.900610 0.224224 0.119309 0.122750
0 0.364426 0.660079 0.071695 0.111416
0 0.142420 0.039176 0.096748 0.064604
0 0.404457 0.470965 0.054800 0.043610
0 0.102234 0.545757 0.082000 0.086516
0 0.600840 0.667014 0.041998 0.044174
0 0.243019 0.566273 0.092197 0.105675
0 0.773620 0.834252 0.061208 0.072561
0 0.965806 0.930554 0.063899 0.101347
0 0.575155 0.881639 0.041604 0.085018
0 0.581558 0.562331 0.052535 0.073102
1 0.912489 0.701319 0.163811 0.169979
0 0.610055 0.040207 0.126532 0.077162
0 0.933788 0.819595 0.036383 0.054724
0 0.754783 0.078320 0.082807 0.121772
0 0.053039 0.061128 0.106078 0.109091
0 0.303188 0.361829 0.142965 0.189351
