1 0.053464 0.184107 0.101679 0.136199
1 0.365245 0.045060 0.166379 0.084746
1 0.038459 0.482562 0.076918 0.094058
1 0.176984 0.248043 0.249231 0.145020
1 0.639053 0.675871 0.225884 0.172678
0 0.184881 0.046305 0.077411 0.081905
1 0.734460 0.415684 0.176139 0.263577
0 0.259367 0.904911 0.064590 0.064964
1 0.183009 0.044789 0.078741 0.073927
0 0.109498 0.692017 0.072185 0.083634
0 0.138578 0.539101 0.051437 0.059157
0 0.181125 0.496396 0.053663 0.052638
0 0.524280 0.381214 0.065660 0.093609
