0 0.808661 0.763432 0.079130 0.080295
0 0.152947 0.179915 0.084325 0.139347
0 0.293322 0.839667 0.069613 0.074669
0 0.652998 0.451922 0.056996 0.060822
0 0.693196 0.720950 0.059835 0.081719
0 0.920982 0.889906 0.097564 0.085248
0 0.833230 0.534465 0.063938 0.067855
0 0.408977 0.828588 0.077108 0.067313
0 0.310811 0.198837 0.058040 0.089591
0 0.714387 0.864516 0.098729 0.111620
0 0.740808 0.850929 0.064811 0.087785
0 0.975170 0.476553 0.044443 0.110273
0 0.351024 0.653051 0.098720 0.098804
0 0.909263 0.535733 0.064902 0.054016
0 0.880531 0.213892 0.057066 0.085192
0 0.718384 0.523536 0.072049 0.075951
0 0.968920 0.701670 0.062161 0.127011
0 0.577317 0.676803 0.029098 0.039169
0 0.839931 0.305418 0.072480 0.095737
0 0.617102 0.805539 0.061515 0.064054
