0 0.077440 0.851799 0.108043 0.124637
0 0.059855 0.596481 0.079853 0.084455
0 0.832765 0.794193 0.104247 0.091456
0 0.960958 0.888398 0.078085 0.098058
0 0.811970 0.327372 0.110924 0.127011
0 0.403935 0.425777 0.083833 0.107730
0 0.264098 0.033367 0.098838 0.066734
0 0.163436 0.052291 0.053824 0.090778
0 0.079270 0.985491 0.060687 0.029019
0 0.262449 0.417624 0.102112 0.135029
0 0.778103 0.882880 0.085105 0.134516
0 0.504055 0.323811 0.081836 0.099881
0 0.016613 0.721635 0.033225 0.089493
0 0.704381 0.306785 0.084007 0.072453
0 0.184838 0.660826 0.045308 0.054020
0 0.651881 0.463434 0.059662 0.067447
0 0.805352 0.497535 0.052533 0.056330
0 0.560583 0.648605 0.071790 0.133801
0 0.962476 0.977479 0.065966 0.045043
