1 0.332290 0.782823 0.137280 0.180376
1 0.103599 0.564928 0.182011 0.151206
0 0.495068 0.451964 0.116213 0.156675
0 0.384474 0.157707 0.107922 0.106784
0 0.791599 0.776645 0.069363 0.112466
0 0.113854 0.376862 0.056681 0.068050
0 0.925947 0.824585 0.135020 0.128359
1 0.691189 0.877688 0.168193 0.230733
0 0.680093 0.827083 0.113735 0.142581
1 0.083397 0.971168 0.131629 0.057664
0 0.021978 0.351357 0.043572 0.071766
0 0.683646 0.877637 0.152238 0.222969
0 0.168604 0.405504 0.048693 0.057747
0 0.686367 0.369355 0.061919 0.101557
1 0.011490 0.663851 0.022981 0.116560
0 0.878106 0.512390 0.107948 0.158433
0 0.019226 0.770014 0.038453 0.095611
0 0.152026 0.761406 0.063040 0.077234
1 0.017553 0.769038 0.034536 0.092253
0 0.230890 0.426947 0.059399 0.074242
