0 0.432085 0.788321 0.078447 0.088800
1 0.870985 0.631583 0.139642 0.161707
0 0.376158 0.529161 0.109120 0.104334
0 0.110403 0.730707 0.077206 0.093205
0 0.882666 0.771082 0.089180 0.108694
1 0.880673 0.280577 0.148188 0.173679
0 0.877658 0.956220 0.089138 0.087559
0 0.840134 0.053155 0.103089 0.096499
0 0.194047 0.940158 0.044922 0.037058
0 0.359863 0.342260 0.086706 0.176174
0 0.492157 0.881901 0.076777 0.115563
0 0.969965 0.690877 0.060070 0.160249
0 0.973803 0.908274 0.052394 0.119386
0 0.563028 0.214881 0.106776 0.125396
0 0.934210 0.039831 0.123556 0.079662
0 0.745079 0.316429 0.137442 0.208544
0 0.022775 0.223137 0.044569 0.079593
1 0.707338 0.460679 0.165813 0.259471
0 0.600858 0.351371 0.106774 0.125525
1 0.210075 0.293301 0.171977 0.218437
1 0.748805 0.313487 0.118749 0.190898
1 0.223951 0.094347 0.408694 0.188694
0 0.971383 0.450874 0.057235 0.064054
0 0.025569 0.843071 0.051138 0.066802
1 0.968880 0.685540 0.062240 0.168160
1 0.344365 0.143134 0.394937 0.286268
1 0.718753 0.354316 0.180936 0.286244
