1 0.685716 0.846677 0.115944 0.139827
1 0.546397 0.549057 0.115147 0.114628
1 0.329284 0.377872 0.163739 0.184817
0 0.607869 0.169609 0.153655 0.187105
1 0.897834 0.795689 0.204333 0.331645
0 0.956629 0.310082 0.086742 0.125931
0 0.575447 0.942968 0.057956 0.053297
0 0.329228 0.857740 0.069903 0.092575
0 0.698216 0.350650 0.093819 0.096987
0 0.836015 0.127595 0.113473 0.106369
1 0.975362 0.476162 0.049275 0.173044
0 0.408068 0.955752 0.116942 0.088495
0 0.359827 0.624174 0.104906 0.154411
0 0.255977 0.153491 0.073160 0.082813
0 0.806936 0.703923 0.053190 0.030813
