0 0.858645 0.222206 0.080051 0.077798
0 0.613030 0.580878 0.051456 0.065705
0 0.939094 0.823974 0.065597 0.092147
0 0.944768 0.206439 0.059259 0.068383
0 0.572349 0.322125 0.073407 0.092267
0 0.269179 0.602797 0.083360 0.108516
0 0.055964 0.547490 0.081678 0.114707
0 0.159471 0.621976 0.097887 0.099217
0 0.324912 0.135245 0.093982 0.099870
0 0.524010 0.192937 0.076612 0.078849
0 0.356174 0.512521 0.087631 0.053280
0 0.105889 0.851182 0.132397 0.147742
0 0.579711 0.138408 0.062135 0.065493
0 0.060147 0.438688 0.072864 0.116858
0 0.470746 0.923658 0.086712 0.142829
0 0.555552 0.514944 0.089288 0.098026
0 0.433354 0.508147 0.058643 0.070762
0 0.644267 0.228309 0.047803 0.058754
0 0.097192 0.666471 0.062693 0.067811
0 0.688527 0.359656 0.037908 0.042975
