1 0.681479 0.489817 0.153002 0.187904
1 0.508463 0.246166 0.150663 0.209125
1 0.888032 0.271409 0.202456 0.171454
1 0.511313 0.458286 0.151631 0.137599
0 0.787569 0.539114 0.064577 0.082669
1 0.382873 0.765911 0.190818 0.189431
0 0.639888 0.697521 0.070524 0.121320
0 0.879474 0.915169 0.112509 0.134314
1 0.546581 0.889970 0.117615 0.180685
1 0.756614 0.939604 0.089591 0.109949
0 0.212616 0.439149 0.084240 0.099669
1 0.627926 0.974537 0.127166 0.050927
0 0.692993 0.270613 0.093301 0.104312
1 0.115783 0.569495 0.186601 0.221790
0 0.158446 0.865306 0.132166 0.229003
1 0.695120 0.270949 0.096760 0.100907
0 0.225434 0.287604 0.072673 0.087575
0 0.604855 0.380490 0.040178 0.045897
0 0.123314 0.725200 0.093218 0.082889
1 0.339995 0.178509 0.164380 0.233544
0 0.643985 0.034189 0.168908 0.068379
0 0.533109 0.710177 0.101743 0.133453
