1 0.680271 0.336394 0.160486 0.140566
1 0.811077 0.240180 0.101838 0.144042
0 0.893200 0.777677 0.116297 0.111710
0 0.371630 0.739987 0.095514 0.110572
0 0.769484 0.558921 0.085131 0.071665
1 0.412368 0.125829 0.115870 0.166500
1 0.864035 0.090358 0.243841 0.140235
1 0.098161 0.076697 0.149094 0.137645
1 0.911106 0.409435 0.102213 0.128835
0 0.263252 0.459638 0.112861 0.134935
0 0.842609 0.654503 0.063759 0.085595
0 0.599811 0.117528 0.091678 0.075148
0 0.827452 0.839854 0.087124 0.099253
0 0.909073 0.406988 0.104568 0.136151
0 0.500114 0.021250 0.073201 0.042500
0 0.462767 0.685368 0.056215 0.074407
0 0.985636 0.872657 0.027344 0.106385
0 0.604914 0.494170 0.058842 0.057884
0 0.302485 0.187131 0.067839 0.087923
