0 0.126865 0.605284 0.088204 0.092372
0 0.261797 0.681730 0.069350 0.077231
0 0.192606 0.283497 0.057887 0.066310
1 0.667637 0.896518 0.115594 0.195766
0 0.757411 0.616068 0.094326 0.089277
0 0.278642 0.235957 0.054072 0.050758
0 0.473802 0.945336 0.128688 0.099094
0 0.118290 0.940849 0.080165 0.085666
0 0.100030 0.137566 0.075617 0.100431
0 0.015390 0.550858 0.030523 0.069238
0 0.706313 0.423269 0.110135 0.148305
0 0.594973 0.417154 0.081464 0.095202
0 0.152348 0.212601 0.069775 0.073597
0 0.254875 0.355216 0.086051 0.078959
0 0.469055 0.025456 0.050906 0.050912
0 0.384159 0.152305 0.060786 0.077357
0 0.981411 0.240552 0.033211 0.055575
0 0.180904 0.266308 0.083601 0.085333
0 0.282155 0.721443 0.069936 0.083187
0 0.795231 0.016167 0.062711 0.032334
