1 0.154648 0.657601 0.141867 0.175996
1 0.345721 0.454975 0.155387 0.177515
1 0.047673 0.423687 0.095346 0.192569
1 0.184557 0.434961 0.089437 0.102129
0 0.940365 0.523431 0.088547 0.104747
1 0.074751 0.964162 0.111145 0.071676
0 0.120370 0.845673 0.069531 0.098179
0 0.648312 0.188499 0.112881 0.164322
1 0.030187 0.616299 0.060375 0.132065
0 0.716398 0.723598 0.095313 0.097822
0 0.485565 0.033666 0.072750 0.067188
0 0.359119 0.042272 0.095996 0.079305
0 0.735145 0.040237 0.115871 0.080474
0 0.245342 0.688919 0.044006 0.049100
0 0.965241 0.753796 0.053436 0.059883
0 0.164200 0.110331 0.155537 0.194101
0 0.398890 0.924377 0.044204 0.054609
0 0.681703 0.483590 0.063102 0.095994
0 0.360559 0.265093 0.076040 0.061222
0 0.365864 0.106764 0.061435 0.073542
1 0.737906 0.042328 0.109601 0.075228
0 0.070757 0.962449 0.110014 0.064623
