0 0.965571 0.340855 0.060020 0.067957
1 0.058140 0.933986 0.106532 0.132029
0 0.609441 0.589621 0.075568 0.102879
0 0.839970 0.376565 0.069805 0.087753
0 0.810294 0.354429 0.070175 0.072337
0 0.843290 0.759429 0.052525 0.081515
0 0.642100 0.693097 0.068886 0.089860
0 0.304920 0.502493 0.081483 0.089678
0 0.912282 0.265729 0.047743 0.049011
0 0.184215 0.030309 0.113622 0.060618
0 0.430697 0.402414 0.058136 0.052116
0 0.836778 0.184475 0.084264 0.087853
0 0.690133 0.848790 0.059251 0.112800
0 0.185979 0.501447 0.076417 0.060546
0 0.183998 0.306212 0.087942 0.072460
0 0.964445 0.645970 0.043719 0.044681
0 0.920789 0.024200 0.067757 0.048400
0 0.950942 0.121439 0.059828 0.077417
0 0.268179 0.326210 0.089342 0.088139
0 0.012318 0.649164 0.024636 0.129297
0 0.897757 0.348483 0.061094 0.055396
0 0.854784 0.398983 0.062500 0.048231
0 0.716648 0.983388 0.077889 0.030671
0 0.867245 0.189696 0.055779 0.061646
0 0.756007 0.613605 0.045645 0.041357
0 0.231104 0.392013 0.058885 0.064998
0 0.794701 0.356668 0.054169 0.050462
0 0.014522 0.310331 0.029044 0.065579
0 0.221431 0.375083 0.085551 0.086574
0 0.016399 0.091160 0.032797 0.064355
0 0.727630 0.356714 0.067088 0.089432
0 0.985289 0.894866 0.029422 0.071710
0 0.610950 0.958649 0.072313 0.082701
0 0.188073 0.375725 0.074775 0.079778
