0 0.232971 0.729540 0.082115 0.080456
0 0.558125 0.648275 0.060323 0.073934
0 0.732100 0.739170 0.079106 0.068387
0 0.958174 0.121128 0.057395 0.084982
0 0.533408 0.388047 0.095700 0.083914
0 0.620590 0.655200 0.067047 0.076661
0 0.459195 0.968022 0.094417 0.063956
0 0.332536 0.096457 0.076241 0.065617
0 0.020640 0.116109 0.041280 0.116308
0 0.856695 0.455562 0.053361 0.076291
0 0.965873 0.271389 0.065180 0.082877
1 0.018602 0.117861 0.037204 0.118297
0 0.858115 0.802391 0.068254 0.069241
0 0.883089 0.622779 0.067322 0.102172
0 0.433793 0.439848 0.077992 0.063920
0 0.580926 0.652040 0.096482 0.093441
