1 0.115974 0.553647 0.161606 0.212553
1 0.257573 0.835037 0.267554 0.329926
1 0.384903 0.486478 0.168846 0.192818
0 0.605035 0.548967 0.095484 0.086604
0 0.554888 0.371441 0.098640 0.126467
1 0.096516 0.975443 0.103415 0.049113
0 0.638161 0.812184 0.074649 0.084999
0 0.529122 0.845247 0.058690 0.091752
0 0.129489 0.761853 0.140797 0.094950
1 0.227932 0.279542 0.262828 0.215490
0 0.498101 0.652438 0.059927 0.096568
0 0.571036 0.912225 0.072956 0.083973
0 0.361565 0.186406 0.075791 0.094306
0 0.019274 0.780714 0.032365 0.143093
0 0.428740 0.922179 0.095954 0.087560
0 0.037533 0.605082 0.069924 0.109116
0 0.397535 0.272188 0.072085 0.087340
0 0.553726 0.176692 0.073960 0.110925
0 0.881549 0.964524 0.051372 0.070952
