0 0.417707 0.321363 0.062815 0.065603
0 0.033613 0.558091 0.063786 0.077639
0 0.267138 0.501831 0.093707 0.135743
0 0.967735 0.818609 0.064149 0.086666
0 0.462950 0.557529 0.083192 0.094782
0 0.309282 0.626357 0.060328 0.063046
0 0.093546 0.499077 0.057254 0.066240
0 0.789966 0.527033 0.071603 0.066269
0 0.968662 0.672780 0.053049 0.074545
0 0.690193 0.270633 0.052025 0.060453
0 0.050627 0.125531 0.076246 0.080570
0 0.709543 0.597928 0.080253 0.094274
0 0.251301 0.709390 0.080716 0.078890
0 0.706508 0.509007 0.070431 0.061475
0 0.170119 0.210758 0.039216 0.058556
0 0.018178 0.652501 0.036357 0.114192
0 0.868045 0.556176 0.044251 0.063650
0 0.359434 0.463078 0.083126 0.109432
0 0.911345 0.244442 0.060005 0.079051
0 0.490882 0.528799 0.066141 0.080084
0 0.891947 0.358795 0.068348 0.073729
