1 0.561473 0.819812 0.184678 0.250623
1 0.642500 0.564753 0.131287 0.164921
0 0.073637 0.943223 0.085522 0.113555
1 0.148143 0.481798 0.111850 0.106662
0 0.336315 0.537942 0.033644 0.039648
0 0.915291 0.236854 0.071407 0.092077
0 0.789073 0.065565 0.107802 0.103094
0 0.655784 0.121661 0.110081 0.108929
0 0.229715 0.028588 0.104928 0.057177
0 0.829404 0.541434 0.132551 0.122139
0 0.145053 0.485804 0.113252 0.108386
0 0.860951 0.772675 0.079707 0.128141
0 0.706890 0.017149 0.038808 0.033016
