1 0.077422 0.743974 0.138670 0.183612
1 0.862966 0.255230 0.188299 0.345967
0 0.111062 0.583231 0.089464 0.126588
0 0.810442 0.748068 0.094037 0.129166
0 0.569199 0.393001 0.094064 0.111401
0 0.937631 0.912618 0.115735 0.098074
0 0.591617 0.035654 0.070383 0.070705
0 0.231267 0.401531 0.080690 0.070784
0 0.367717 0.219131 0.065379 0.091406
0 0.287860 0.723756 0.059012 0.084306
0 0.769423 0.970780 0.071924 0.058439
0 0.009560 0.430520 0.017130 0.053264
0 0.458916 0.055400 0.083619 0.090408
0 0.749588 0.146681 0.042112 0.056980
1 0.841415 0.328460 0.151109 0.199027
0 0.657721 0.465326 0.067028 0.078419
0 0.316917 0.463296 0.070341 0.074870
0 0.648384 0.848679 0.065852 0.099725
0 0.530243 0.529778 0.085935 0.092455
0 0.154159 0.681525 0.036779 0.065051
0 0.356650 0.347756 0.045748 0.059405
0 0.667565 0.012907 0.052373 0.025814
