1 0.088292 0.821990 0.115627 0.155187
1 0.128330 0.543750 0.256660 0.400939
0 0.086728 0.123347 0.095217 0.118344
0 0.034194 0.247499 0.044062 0.070145
0 0.507822 0.340537 0.095277 0.092772
0 0.838495 0.393728 0.102262 0.135735
0 0.702956 0.024150 0.108395 0.048300
0 0.746364 0.864089 0.086445 0.084936
0 0.795151 0.732894 0.067099 0.075488
0 0.772889 0.132912 0.103277 0.122855
0 0.666806 0.213886 0.067755 0.111321
0 0.966323 0.251283 0.066290 0.098716
0 0.757088 0.251811 0.052238 0.069162
0 0.034741 0.077400 0.054547 0.078114
0 0.950031 0.546099 0.054128 0.051396
