0 0.864016 0.296864 0.066938 0.084668
0 0.941203 0.384668 0.090093 0.095758
0 0.759368 0.497609 0.060210 0.060199
0 0.379484 0.192952 0.084769 0.106929
0 0.854084 0.424418 0.058006 0.035241
0 0.793698 0.553032 0.062381 0.061560
0 0.893660 0.502131 0.060194 0.074721
0 0.906471 0.111713 0.063951 0.081960
0 0.966680 0.086303 0.062748 0.090953
0 0.820414 0.961203 0.080528 0.075977
0 0.864716 0.418052 0.040413 0.027275
0 0.225265 0.561841 0.038880 0.048642
0 0.941371 0.102795 0.091501 0.085605
0 0.285565 0.521814 0.035778 0.038018
0 0.335388 0.987538 0.035358 0.024924
0 0.783762 0.373495 0.034199 0.038247
0 0.682353 0.725712 0.069314 0.067315
