0 0.493604 0.222786 0.082048 0.082335
0 0.271133 0.385990 0.091591 0.072563
0 0.351695 0.097979 0.079537 0.120651
0 0.966103 0.761386 0.062172 0.089281
0 0.964436 0.192855 0.048855 0.061393
0 0.426512 0.474053 0.109666 0.103205
0 0.637668 0.835191 0.046165 0.070263
0 0.699146 0.750813 0.087902 0.098759
0 0.804436 0.538062 0.074328 0.083363
0 0.585130 0.220382 0.057552 0.062214
0 0.145237 0.287334 0.056325 0.071692
0 0.830283 0.331118 0.064480 0.048619
0 0.548933 0.716925 0.113984 0.113175
0 0.867695 0.243486 0.080268 0.109629
0 0.553702 0.017518 0.041288 0.033231
0 0.057885 0.806765 0.060513 0.065310
0 0.051421 0.920330 0.062012 0.084521
0 0.270943 0.240720 0.033058 0.046748
