1 0.351234 0.299957 0.213717 0.254222
1 0.107485 0.216458 0.206725 0.191191
1 0.875778 0.316950 0.248443 0.253403
0 0.641903 0.823515 0.075104 0.090046
0 0.654459 0.277404 0.086698 0.072747
0 0.301478 0.678349 0.119580 0.127364
1 0.166738 0.436261 0.212254 0.206470
0 0.684818 0.402607 0.130257 0.156708
0 0.828326 0.962104 0.111533 0.075792
0 0.562460 0.470664 0.085825 0.085828
0 0.973529 0.751406 0.052943 0.087539
0 0.952911 0.580665 0.094177 0.189204
0 0.651598 0.955391 0.084198 0.075561
0 0.973093 0.050186 0.053815 0.096080
0 0.854925 0.634761 0.149376 0.192104
0 0.791572 0.113087 0.132515 0.129175
0 0.401929 0.762401 0.079193 0.064250
1 0.380204 0.563295 0.199404 0.151648
0 0.764558 0.020905 0.060982 0.041810
0 0.257219 0.919431 0.054122 0.084618
0 0.750617 0.605476 0.063523 0.102856
0 0.498841 0.757583 0.050515 0.096301
0 0.539951 0.810070 0.062772 0.098933
