0 0.754378 0.914929 0.088015 0.150182
0 0.167734 0.829900 0.073708 0.067294
0 0.079236 0.028136 0.093230 0.056272
0 0.028011 0.877144 0.056022 0.126195
0 0.645683 0.835775 0.094445 0.117007
0 0.364590 0.806747 0.066768 0.092424
0 0.107879 0.200763 0.091155 0.081454
0 0.713035 0.681926 0.072420 0.118793
0 0.067605 0.796333 0.049157 0.069164
0 0.212353 0.957989 0.085741 0.083033
0 0.080676 0.875096 0.051206 0.062760
0 0.010037 0.257629 0.018020 0.067685
0 0.188757 0.686064 0.079640 0.104454
0 0.359569 0.344240 0.054416 0.095114
0 0.020714 0.128849 0.038616 0.085536
0 0.104871 0.524969 0.108178 0.129001
0 0.210097 0.396471 0.051545 0.051509
0 0.477399 0.757570 0.080273 0.091332
0 0.283577 0.714262 0.090656 0.102029
0 0.962938 0.176005 0.057180 0.072865
