0 0.591012 0.523919 0.063716 0.071157
0 0.639970 0.457316 0.051846 0.073946
0 0.218314 0.564033 0.041479 0.052334
0 0.965357 0.478702 0.055948 0.075429
0 0.377470 0.484726 0.060850 0.064322
0 0.499960 0.728848 0.061445 0.082608
0 0.806468 0.556497 0.057723 0.068369
0 0.964103 0.951011 0.066813 0.086532
0 0.231670 0.156173 0.088160 0.081449
0 0.639143 0.814513 0.065237 0.077790
0 0.163541 0.683782 0.073930 0.059149
0 0.018555 0.795157 0.037109 0.094649
0 0.865874 0.553686 0.047134 0.064596
0 0.833780 0.816992 0.081972 0.111132
0 0.589621 0.903802 0.064395 0.077307
0 0.053687 0.339649 0.069992 0.101965
0 0.147010 0.266175 0.077187 0.077538
0 0.308702 0.245656 0.055518 0.063460
0 0.762547 0.843751 0.078128 0.110111
0 0.272357 0.497364 0.059426 0.054553
0 0.159991 0.975077 0.106444 0.049846
0 0.143521 0.490642 0.037661 0.037430
0 0.362025 0.674155 0.045284 0.049368
0 0.261105 0.747158 0.071560 0.062787
0 0.833363 0.394947 0.079968 0.097307
0 0.435251 0.735796 0.062840 0.063039
0 0.594696 0.267248 0.065662 0.088965
0 0.491810 0.895560 0.043847 0.066271
0 0.203416 0.158945 0.047127 0.067320
0 0.071457 0.787390 0.072186 0.090452
0 0.084419 0.772387 0.042430 0.075983
0 0.634455 0.173127 0.046103 0.066371
0 0.329982 0.708566 0.096997 0.100841
0 0.394277 0.936906 0.061592 0.067136
0 0.079959 0.191632 0.056500 0.061838
0 0.294505 0.481125 0.049523 0.045547
0 0.669747 0.322847 0.070357 0.100222
0 0.864009 0.455916 0.047998 0.047786
