0 0.063151 0.892876 0.080763 0.124769
0 0.514663 0.911153 0.046014 0.057480
0 0.200884 0.044269 0.090107 0.088539
0 0.917878 0.920667 0.079452 0.073274
0 0.721116 0.778186 0.091180 0.114785
0 0.566244 0.697674 0.051678 0.093877
0 0.155637 0.331253 0.085499 0.086315
0 0.758855 0.660536 0.082229 0.083092
0 0.306302 0.942901 0.054992 0.074976
0 0.035689 0.273875 0.053753 0.088439
0 0.721254 0.324051 0.063134 0.067390
0 0.649731 0.646388 0.073533 0.077063
0 0.570253 0.863376 0.045962 0.063113
0 0.046739 0.367229 0.064142 0.065183
0 0.737265 0.411418 0.045208 0.077458
0 0.868394 0.738971 0.048546 0.060662
