1 0.934333 0.716763 0.117981 0.143637
0 0.667025 0.956547 0.114472 0.086906
0 0.128672 0.092285 0.080372 0.097208
0 0.882064 0.079903 0.096472 0.140662
0 0.362144 0.462945 0.091300 0.116475
0 0.288112 0.397642 0.064817 0.067956
0 0.963672 0.084680 0.072656 0.125317
0 0.312986 0.644319 0.086168 0.125344
1 0.966244 0.086998 0.067513 0.106415
0 0.537074 0.477709 0.069661 0.091955
0 0.432615 0.127501 0.056278 0.061454
0 0.512819 0.249724 0.069545 0.116388
0 0.150569 0.897232 0.059100 0.051432
0 0.885316 0.892518 0.067445 0.078417
0 0.868163 0.246986 0.047327 0.065587
0 0.557676 0.570449 0.054540 0.065903
0 0.983337 0.965033 0.033326 0.062640
