1 0.295065 0.553428 0.239781 0.316068
1 0.861617 0.589161 0.201740 0.183057
1 0.553453 0.514611 0.102037 0.147490
1 0.321448 0.919590 0.208442 0.155848
1 0.689060 0.236457 0.152827 0.334619
0 0.336289 0.073005 0.127404 0.134225
1 0.914168 0.128756 0.143373 0.239581
1 0.538888 0.814322 0.140939 0.248282
0 0.159618 0.102822 0.079396 0.114478
0 0.697927 0.643183 0.117176 0.117235
1 0.699149 0.642472 0.117708 0.118939
1 0.956501 0.292888 0.084874 0.149176
1 0.660248 0.857526 0.279341 0.241422
1 0.202648 0.601062 0.100495 0.128333
0 0.024518 0.054427 0.049035 0.093406
0 0.104131 0.339700 0.044131 0.050863
0 0.019610 0.158031 0.039220 0.104631
