0 0.539537 0.235634 0.078360 0.084456
0 0.384813 0.391913 0.047323 0.056538
0 0.230639 0.468791 0.060171 0.064104
0 0.773808 0.112922 0.079311 0.084461
0 0.408140 0.524197 0.086884 0.114769
0 0.707420 0.706633 0.092309 0.097600
0 0.493152 0.164256 0.045006 0.043439
0 0.215650 0.752759 0.076494 0.091801
0 0.055724 0.751573 0.090615 0.127266
0 0.707583 0.401595 0.051646 0.060989
0 0.489731 0.597254 0.045739 0.070335
0 0.945934 0.141382 0.099481 0.113071
0 0.040410 0.643029 0.080280 0.138896
0 0.538666 0.101948 0.050881 0.064300
0 0.815648 0.389962 0.082498 0.067935
0 0.861336 0.851807 0.064507 0.091595
0 0.300335 0.280653 0.048603 0.073583
0 0.442859 0.851988 0.044746 0.057742
0 0.869051 0.231995 0.052807 0.067427
0 0.759093 0.277617 0.084045 0.080922
0 0.424208 0.873790 0.062257 0.088836
0 0.182095 0.082840 0.039912 0.049678
0 0.760694 0.940107 0.075406 0.080930
0 0.881830 0.872914 0.067583 0.076975
0 0.333733 0.042409 0.089030 0.076116
