1 0.171699 0.635389 0.273576 0.403490
1 0.396394 0.553336 0.164032 0.216104
0 0.968860 0.103365 0.062280 0.071380
1 0.578698 0.739273 0.158385 0.329396
0 0.762548 0.254749 0.067847 0.113582
1 0.264556 0.423692 0.086358 0.105014
1 0.061765 0.398203 0.123530 0.250769
1 0.826640 0.938901 0.163890 0.112437
0 0.381796 0.380514 0.100592 0.108181
0 0.245842 0.965694 0.113759 0.067344
0 0.364351 0.154888 0.077704 0.079616
0 0.911417 0.811440 0.091366 0.160109
0 0.895780 0.630874 0.072766 0.088167
0 0.124230 0.971980 0.066938 0.056039
0 0.832291 0.354952 0.060326 0.087279
0 0.371695 0.883307 0.136254 0.165796
1 0.373699 0.884334 0.134392 0.169940
0 0.122163 0.184237 0.072945 0.117721
0 0.282388 0.024790 0.100385 0.049579
0 0.415759 0.215629 0.052069 0.079459
0 0.694691 0.825341 0.093428 0.126738
0 0.437690 0.338791 0.058583 0.079723
0 0.171447 0.034306 0.109523 0.068612
