0 0.261242 0.766637 0.081915 0.085238
0 0.865842 0.909429 0.034181 0.038394
0 0.895316 0.187607 0.054415 0.073925
0 0.978435 0.597862 0.041893 0.052808
0 0.335559 0.607596 0.084776 0.081103
0 0.107259 0.105627 0.081894 0.095348
0 0.712794 0.434842 0.068938 0.100520
0 0.955968 0.911872 0.043127 0.045123
0 0.165125 0.767073 0.061986 0.052858
0 0.125123 0.670025 0.036842 0.051668
0 0.703819 0.769229 0.069783 0.062564
0 0.525786 0.826075 0.082565 0.133463
0 0.381332 0.413121 0.113080 0.132690
0 0.606354 0.327652 0.042269 0.054475
