1 0.568669 0.684795 0.169493 0.208057
1 0.604676 0.906434 0.136519 0.167367
0 0.425440 0.439379 0.097778 0.120147
0 0.787735 0.832532 0.117775 0.110572
0 0.586793 0.321904 0.084652 0.099263
0 0.188783 0.639962 0.064566 0.071952
1 0.079681 0.684865 0.105861 0.145389
0 0.321374 0.556726 0.115229 0.161491
0 0.114809 0.810656 0.060629 0.071791
0 0.332835 0.253362 0.066197 0.061055
0 0.287120 0.142600 0.087601 0.085766
0 0.426481 0.542177 0.089205 0.106835
0 0.658064 0.586364 0.054883 0.094367
0 0.021257 0.503565 0.042513 0.092645
0 0.110743 0.282664 0.062754 0.080473
0 0.883613 0.703474 0.077405 0.067166
0 0.386474 0.260262 0.052199 0.048857
0 0.080799 0.689703 0.105209 0.129487
0 0.489188 0.196689 0.089830 0.101205
0 0.108882 0.146075 0.086130 0.114706
0 0.009842 0.106018 0.019456 0.064984
0 0.386373 0.816918 0.189389 0.232843
0 0.210419 0.306337 0.072835 0.080034
0 0.102648 0.925371 0.128274 0.149257
0 0.296042 0.686266 0.114907 0.120768
0 0.843648 0.263936 0.082306 0.078755
0 0.536653 0.458574 0.100118 0.098323
0 0.763707 0.610600 0.048548 0.060980
0 0.266461 0.370746 0.042759 0.084128
0 0.410237 0.142650 0.082290 0.097528
0 0.367228 0.256651 0.056292 0.051731
0 0.306428 0.447882 0.052357 0.076761
0 0.974804 0.286493 0.047643 0.088862
1 0.383266 0.820427 0.177989 0.226073
