0 0.955986 0.461597 0.075330 0.056967
0 0.202849 0.898829 0.071929 0.086220
0 0.788549 0.238017 0.047000 0.060410
0 0.486900 0.769704 0.074088 0.065083
0 0.667486 0.144982 0.061038 0.077564
0 0.274788 0.522924 0.083231 0.082024
0 0.844761 0.293637 0.046794 0.058073
0 0.434614 0.921779 0.070611 0.088398
0 0.092302 0.447686 0.065292 0.103113
0 0.805766 0.381440 0.059138 0.084053
0 0.689301 0.239620 0.072026 0.048170
0 0.863782 0.453155 0.060604 0.062279
0 0.765289 0.041044 0.074774 0.072789
0 0.841103 0.140035 0.066323 0.074898
0 0.959273 0.352827 0.054793 0.063763
0 0.920669 0.269633 0.087654 0.111562
0 0.611965 0.033538 0.071446 0.067076
0 0.328670 0.751896 0.076054 0.084165
0 0.328871 0.494345 0.072838 0.084736
0 0.901406 0.795190 0.064260 0.089124
0 0.970485 0.140481 0.052818 0.076599
0 0.427207 0.109884 0.081754 0.095470
0 0.793868 0.423225 0.051503 0.062518
0 0.471191 0.498348 0.048791 0.057125
0 0.467236 0.046378 0.085637 0.086617
0 0.717806 0.024127 0.052472 0.048253
0 0.918783 0.620723 0.041920 0.042196
0 0.344602 0.417103 0.046246 0.064420
0 0.071501 0.316693 0.041738 0.057082
0 0.344682 0.025705 0.075257 0.049637
0 0.461346 0.199711 0.082692 0.062304
0 0.546700 0.921512 0.046397 0.042199
0 0.169651 0.205539 0.099412 0.105683
0 0.964010 0.653774 0.043219 0.030788
0 0.191589 0.775357 0.047835 0.059956
0 0.412070 0.200333 0.061938 0.067705
0 0.028693 0.494012 0.050943 0.050185
0 0.875813 0.284526 0.092837 0.076582
