0 0.721327 0.365652 0.088089 0.091498
0 0.455525 0.687022 0.093287 0.098246
0 0.962767 0.278647 0.071834 0.080771
0 0.033344 0.490535 0.066607 0.093440
0 0.285206 0.776534 0.043990 0.054712
0 0.207464 0.230388 0.087860 0.089923
0 0.137952 0.551078 0.076610 0.099475
0 0.275032 0.606965 0.085658 0.107391
0 0.951467 0.406178 0.064042 0.077719
0 0.060945 0.726059 0.058872 0.051774
0 0.094070 0.273092 0.086858 0.081333
0 0.541942 0.346353 0.068204 0.100478
0 0.279778 0.117767 0.102534 0.108491
0 0.983087 0.604717 0.033825 0.083454
0 0.735046 0.030697 0.085215 0.061394
0 0.281036 0.018334 0.056550 0.036669
0 0.685995 0.311137 0.044358 0.068361
0 0.935534 0.615417 0.086681 0.098386
0 0.803855 0.523194 0.085548 0.129317
0 0.441693 0.235899 0.106064 0.081564
0 0.968589 0.613987 0.062823 0.100556
0 0.632728 0.268445 0.051686 0.082254
0 0.519079 0.747861 0.066895 0.083479
0 0.843274 0.230807 0.072639 0.099738
0 0.906858 0.612664 0.062080 0.087290
0 0.054501 0.339363 0.050212 0.082032
0 0.583537 0.761349 0.073225 0.100696
0 0.612965 0.590334 0.073238 0.099508
0 0.682045 0.671521 0.044122 0.056040
0 0.805194 0.154314 0.076381 0.088112
0 0.848451 0.960869 0.091470 0.078262
