0 0.708150 0.961954 0.095993 0.076091
0 0.544410 0.919834 0.060029 0.068661
0 0.867618 0.041324 0.083152 0.082647
0 0.950645 0.163929 0.098711 0.122087
0 0.983408 0.946802 0.033184 0.065753
0 0.743377 0.482047 0.094337 0.121654
0 0.043850 0.486400 0.072717 0.099889
0 0.438474 0.034641 0.080372 0.069281
0 0.384853 0.873808 0.059538 0.081177
1 0.867081 0.041489 0.087776 0.074515
0 0.131099 0.720529 0.086703 0.102757
0 0.972802 0.372900 0.047080 0.048486
0 0.858015 0.825915 0.105480 0.113217
0 0.016697 0.793309 0.033393 0.077744
0 0.354077 0.421484 0.044883 0.060285
0 0.197866 0.294096 0.057698 0.071831
0 0.221277 0.462610 0.057632 0.097501
