1 0.830871 0.152806 0.043939 0.075076
1 0.887405 0.178842 0.055114 0.088220
1 0.750473 0.195779 0.042235 0.031092
1 0.726989 0.069515 0.030871 0.033873
1 0.682102 0.182508 0.039583 0.073812
1 0.394508 0.039813 0.037879 0.073054
1 0.514299 0.027174 0.016856 0.027553
1 0.456061 0.017315 0.068182 0.034125
1 0.316004 0.018579 0.034659 0.036653
1 0.204830 0.011881 0.158523 0.023256
0 0.317424 0.386754 0.032576 0.080890
0 0.271970 0.535895 0.052273 0.089990
0 0.651515 0.895854 0.126515 0.100101
0 0.343561 0.957786 0.053030 0.084429
0 0.656061 0.472194 0.040152 0.063701
0 0.057955 0.453994 0.083333 0.069767
0 0.740909 0.799798 0.081061 0.083923
0 0.605682 0.588473 0.036364 0.045501
0 0.687879 0.633974 0.043182 0.077856
0 0.546212 0.459555 0.049242 0.046512
0 0.346591 0.561678 0.040909 0.076845
