1 0.384091 0.029323 0.035606 0.051567
1 0.443182 0.021107 0.061364 0.041709
1 0.877273 0.205763 0.106818 0.109201
1 0.681439 0.237108 0.045455 0.103134
1 0.764394 0.247725 0.032576 0.067745
1 0.298864 0.020096 0.051515 0.039687
1 0.185985 0.020096 0.157576 0.039687
1 0.738826 0.101239 0.031439 0.032103
1 0.516193 0.056496 0.020644 0.030081
1 0.389962 0.088726 0.025758 0.041962
0 0.539015 0.569262 0.046970 0.069767
0 0.664394 0.577856 0.050758 0.056623
0 0.919318 0.448433 0.083333 0.058645
0 0.689773 0.731041 0.065152 0.085945
0 0.720076 0.791709 0.063636 0.051567
0 0.756439 0.829626 0.042424 0.060667
0 0.756061 0.941355 0.068939 0.094034
0 0.806439 0.525784 0.077273 0.063701
0 0.282576 0.446916 0.049242 0.073812
0 0.353409 0.433771 0.022727 0.031345
0 0.237500 0.638018 0.059091 0.134479
0 0.262879 0.753792 0.088636 0.074823
0 0.314394 0.653691 0.049242 0.101112
0 0.128788 0.554095 0.067424 0.112235
0 0.491288 0.839232 0.043939 0.098079
0 0.289394 0.206775 0.023485 0.076845
