0 0.592045 0.201213 0.060606 0.136502
1 0.816856 0.086325 0.120076 0.163549
1 0.832386 0.857811 0.335227 0.284378
1 0.983239 0.450202 0.033523 0.257836
1 0.955208 0.023382 0.089583 0.043225
1 0.964015 0.114257 0.067803 0.110718
1 0.912784 0.211830 0.056250 0.083418
1 0.793277 0.245071 0.133144 0.149393
1 0.805966 0.513271 0.251705 0.379929
1 0.597917 0.364510 0.061742 0.104146
1 0.666667 0.269211 0.034470 0.129929
1 0.660511 0.522245 0.044886 0.084429
1 0.968845 0.659505 0.062311 0.114762
0 0.461080 0.215748 0.024811 0.044742
0 0.494034 0.300177 0.016098 0.028564
0 0.428220 0.315344 0.018939 0.023003
0 0.559375 0.040192 0.014205 0.022750
0 0.591004 0.984075 0.021023 0.031850
0 0.604545 0.917720 0.016288 0.037159
1 0.670833 0.044110 0.155303 0.085693
1 0.732576 0.119186 0.052652 0.058898
1 0.716572 0.169995 0.048674 0.075581
1 0.908617 0.276921 0.049811 0.044237
0 0.103788 0.075834 0.041667 0.047523
