0 0.223864 0.182002 0.051515 0.055612
0 0.389015 0.139029 0.045455 0.080890
0 0.628030 0.058645 0.052273 0.079879
0 0.849242 0.080384 0.100758 0.066734
0 0.915530 0.534884 0.071212 0.055612
0 0.521970 0.631446 0.053788 0.054601
0 0.563258 0.705258 0.053030 0.056623
0 0.332576 0.505561 0.075000 0.146613
0 0.291288 0.056623 0.050000 0.053589
0 0.380303 0.266431 0.040152 0.080890
0 0.917803 0.723964 0.063636 0.051567
0 0.910227 0.808392 0.048485 0.070779
0 0.551515 0.290698 0.038636 0.040445
0 0.560606 0.392315 0.067424 0.069767
0 0.441667 0.211325 0.037121 0.079879
0 0.743182 0.070779 0.041667 0.069767
0 0.962500 0.208797 0.039394 0.080890
0 0.945455 0.019211 0.096212 0.037412
0 0.760985 0.600101 0.027273 0.038423
0 0.127652 0.784125 0.027273 0.036400
