1 0.525379 0.387765 0.092424 0.107179
1 0.570076 0.482305 0.060606 0.065723
0 0.506061 0.064206 0.078030 0.088979
0 0.606818 0.071790 0.071970 0.110212
0 0.736364 0.029323 0.178030 0.037412
0 0.834470 0.291709 0.081818 0.149646
0 0.765909 0.375126 0.040152 0.193124
0 0.776515 0.576340 0.058333 0.112235
0 0.929924 0.509100 0.040909 0.062690
0 0.404545 0.083923 0.071970 0.077856
0 0.345076 0.028311 0.056061 0.035389
1 0.451136 0.685035 0.066667 0.074823
0 0.379924 0.691102 0.024242 0.046512
0 0.273864 0.667341 0.057576 0.053589
0 0.159848 0.616279 0.043182 0.048534
0 0.812121 0.740142 0.046212 0.043478
0 0.660227 0.515672 0.019697 0.051567
0 0.688258 0.266936 0.046970 0.031345
0 0.706439 0.167846 0.045455 0.110212
0 0.652652 0.199191 0.043939 0.057634
0 0.959848 0.784125 0.052273 0.040445
1 0.351136 0.865015 0.043939 0.042467
0 0.219697 0.308392 0.026894 0.044995
0 0.313068 0.116405 0.027652 0.034631
0 0.277083 0.039687 0.017424 0.024772
0 0.442140 0.260996 0.030114 0.042720
0 0.767898 0.156218 0.023674 0.042467
