1 0.045739 0.776542 0.091098 0.201213
1 0.135511 0.938322 0.270644 0.116279
1 0.248390 0.831901 0.062311 0.118807
1 0.182197 0.871587 0.062121 0.045501
1 0.397727 0.826087 0.053788 0.089990
1 0.412879 0.956522 0.081061 0.085945
1 0.321591 0.956016 0.101515 0.080890
1 0.636742 0.975480 0.174242 0.049039
1 0.888258 0.939838 0.045455 0.066734
1 0.989962 0.607685 0.020076 0.073812
1 0.807955 0.808898 0.031818 0.051567
1 0.545833 0.725986 0.036364 0.047523
1 0.759470 0.838726 0.022727 0.038423
1 0.504924 0.917088 0.033333 0.063701
1 0.913258 0.879676 0.022727 0.031345
1 0.744318 0.917594 0.027273 0.056623
1 0.831818 0.951972 0.053788 0.034378
1 0.351136 0.808392 0.039394 0.046512
0 0.472348 0.677199 0.018939 0.064712
0 0.575379 0.276036 0.037879 0.049545
0 0.684470 0.189080 0.036364 0.043478
0 0.986553 0.262386 0.026894 0.056623
0 0.825758 0.328615 0.041667 0.053589
