1 0.160417 0.106547 0.064394 0.038170
1 0.245265 0.119186 0.037879 0.043731
1 0.338163 0.133215 0.042235 0.048534
1 0.413731 0.089358 0.056629 0.088726
1 0.190814 0.034631 0.036174 0.067745
1 0.263352 0.015925 0.086174 0.023256
1 0.234848 0.071537 0.044697 0.044995
1 0.133712 0.038296 0.049621 0.054853
1 0.058712 0.129929 0.109091 0.086451
1 0.341477 0.213473 0.026894 0.055359
1 0.308239 0.180233 0.018750 0.020728
1 0.333712 0.176946 0.011364 0.013145
1 0.191856 0.409252 0.040530 0.039939
1 0.171402 0.468402 0.034091 0.052578
1 0.932576 0.387765 0.046212 0.101112
1 0.787311 0.254676 0.051136 0.044237
1 0.714583 0.482053 0.045076 0.085945
1 0.496970 0.175935 0.025379 0.038423
0 0.022348 0.803842 0.037879 0.124368
0 0.088636 0.858443 0.091667 0.128413
0 0.215909 0.941102 0.037121 0.117796
0 0.392045 0.511122 0.066667 0.084934
0 0.645076 0.925177 0.162121 0.092012
0 0.841288 0.908493 0.071212 0.046512
0 0.481818 0.628918 0.040152 0.092012
0 0.976515 0.838220 0.037121 0.138524
1 0.981629 0.479272 0.036742 0.081901
0 0.106061 0.520222 0.040152 0.056623
