0 0.329167 0.042467 0.068182 0.071790
0 0.241667 0.400404 0.047727 0.049545
0 0.533712 0.124874 0.043939 0.066734
0 0.571970 0.209808 0.040152 0.056623
0 0.384470 0.465622 0.050000 0.044489
0 0.348864 0.298787 0.030303 0.042467
0 0.295076 0.346309 0.056061 0.064712
0 0.309848 0.407988 0.067424 0.060667
0 0.779924 0.193630 0.040909 0.095046
0 0.948485 0.245197 0.093182 0.054601
0 0.939394 0.319515 0.052273 0.059656
0 0.801894 0.615268 0.024242 0.034378
0 0.497348 0.259353 0.043939 0.046512
0 0.359848 0.241153 0.035606 0.038423
0 0.133712 0.311931 0.036364 0.020222
0 0.017803 0.231547 0.033333 0.061678
0 0.867045 0.420121 0.065152 0.042467
0 0.985417 0.368049 0.029167 0.096057
