1 0.035133 0.476744 0.069886 0.157735
1 0.082197 0.896866 0.159091 0.132457
1 0.036648 0.719414 0.072917 0.198180
1 0.127273 0.705763 0.094697 0.114257
1 0.254545 0.811426 0.073485 0.097068
1 0.216667 0.928716 0.081061 0.125379
0 0.423106 0.865521 0.053030 0.065723
0 0.308712 0.969666 0.037879 0.051567
0 0.052273 0.260364 0.034091 0.060667
0 0.017424 0.186552 0.028030 0.058645
0 0.830682 0.764914 0.054545 0.058645
0 0.777273 0.542467 0.032576 0.026289
0 0.750000 0.854904 0.020455 0.044489
0 0.983333 0.856926 0.026515 0.040445
