1 0.776326 0.330005 0.102273 0.169110
1 0.900095 0.261628 0.069508 0.116279
1 0.967803 0.136122 0.064394 0.130688
1 0.760606 0.094666 0.136742 0.188827
1 0.856818 0.034884 0.069318 0.069262
1 0.903693 0.146360 0.062311 0.121335
1 0.649716 0.105410 0.077841 0.103134
1 0.517898 0.040066 0.085795 0.079626
1 0.842614 0.262513 0.045833 0.132204
1 0.877462 0.409125 0.079167 0.118554
1 0.954924 0.407482 0.090152 0.155713
1 0.959564 0.038170 0.080871 0.060667
0 0.744318 0.582280 0.029167 0.036653
0 0.774432 0.640925 0.030303 0.052831
0 0.979735 0.615394 0.026136 0.029575
0 0.798674 0.450202 0.026515 0.035389
0 0.753598 0.440217 0.037500 0.047776
