0 0.141667 0.147624 0.046212 0.035389
0 0.294318 0.175935 0.060606 0.051567
0 0.500379 0.094034 0.037879 0.033367
0 0.566667 0.042467 0.056818 0.071790
0 0.774621 0.083418 0.054545 0.078868
0 0.912879 0.183519 0.093182 0.038423
0 0.921591 0.077351 0.075758 0.115268
0 0.830682 0.256825 0.028788 0.045501
0 0.871212 0.251264 0.034091 0.078868
0 0.312879 0.264408 0.075000 0.040445
0 0.383712 0.283620 0.043939 0.056623
0 0.362121 0.078362 0.029545 0.038423
0 0.244129 0.242037 0.038636 0.035642
0 0.019034 0.082280 0.037689 0.059403
0 0.979735 0.479651 0.040530 0.080131
0 0.985701 0.226112 0.028598 0.132204
