1 0.754545 0.055612 0.117424 0.108190
1 0.863636 0.042467 0.090152 0.079879
1 0.962689 0.077351 0.074621 0.141557
0 0.937121 0.276036 0.040152 0.047523
0 0.983144 0.297776 0.033712 0.072801
0 0.763258 0.288675 0.074242 0.117290
0 0.892424 0.324570 0.043182 0.057634
0 0.323864 0.715875 0.045455 0.045501
0 0.800379 0.764914 0.030303 0.046512
0 0.812879 0.834176 0.031061 0.047523
0 0.858712 0.855915 0.034848 0.050556
0 0.819697 0.923155 0.056818 0.039434
0 0.157955 0.767947 0.056061 0.036400
0 0.404167 0.877654 0.036364 0.025278
