0 0.142045 0.205258 0.063636 0.083923
0 0.061742 0.208797 0.025758 0.070779
0 0.580303 0.115774 0.037121 0.048534
0 0.648864 0.158746 0.056061 0.033367
0 0.632955 0.239130 0.040909 0.046512
0 0.306439 0.507583 0.050000 0.047523
0 0.269318 0.734075 0.089394 0.071790
0 0.920833 0.667846 0.050000 0.046512
0 0.980492 0.609707 0.039015 0.071790
0 0.959470 0.763903 0.074242 0.095046
0 0.881061 0.886754 0.050758 0.061678
0 0.504356 0.369439 0.013258 0.028564
0 0.509186 0.332533 0.010795 0.019464
0 0.561553 0.376643 0.020076 0.042467
0 0.618371 0.361223 0.044318 0.038928
0 0.778788 0.729019 0.056818 0.083923
