0 0.338636 0.135490 0.052273 0.132457
0 0.380682 0.234075 0.083333 0.066734
1 0.512879 0.092012 0.043182 0.052578
0 0.771970 0.142568 0.091667 0.092012
0 0.815909 0.394338 0.032576 0.083923
1 0.518561 0.540950 0.072727 0.100101
1 0.555303 0.644085 0.035606 0.047523
0 0.767045 0.721436 0.062121 0.107179
0 0.921212 0.648129 0.032576 0.083923
0 0.768561 0.482305 0.093939 0.102123
0 0.701894 0.373610 0.092424 0.101112
0 0.942803 0.914055 0.056061 0.092012
1 0.445076 0.828615 0.050000 0.044489
0 0.367803 0.832659 0.028788 0.046512
0 0.305682 0.256825 0.030303 0.059656
0 0.226894 0.066734 0.042424 0.067745
0 0.545455 0.291709 0.037121 0.032356
0 0.710227 0.036906 0.066667 0.060667
0 0.212784 0.451466 0.023674 0.042973
0 0.144413 0.756699 0.025947 0.033114
0 0.709375 0.256825 0.022917 0.047017
0 0.733144 0.222826 0.029167 0.052326
1 0.688258 0.171891 0.026894 0.048028
1 0.616856 0.235844 0.029167 0.048028
0 0.588636 0.200076 0.030303 0.041709
0 0.631723 0.190976 0.040341 0.045753
1 0.516193 0.223079 0.020644 0.031598
0 0.478883 0.195273 0.053220 0.065470
