1 0.121402 0.055612 0.056061 0.107685
1 0.195928 0.071284 0.051705 0.065217
1 0.379451 0.176694 0.062689 0.130940
1 0.281818 0.240774 0.052652 0.083670
1 0.273295 0.368554 0.026515 0.055106
1 0.171023 0.152048 0.060985 0.057887
1 0.172159 0.216886 0.041288 0.066229
1 0.077273 0.201087 0.093939 0.074065
1 0.065057 0.117164 0.070265 0.082659
1 0.008523 0.241785 0.016667 0.157988
1 0.105587 0.289307 0.032765 0.044742
1 0.243655 0.314333 0.021023 0.027553
1 0.748106 0.889282 0.062121 0.129424
1 0.026894 0.034757 0.046970 0.069009
1 0.070833 0.719414 0.069697 0.084934
0 0.021212 0.788675 0.035606 0.079879
0 0.309091 0.888271 0.061364 0.151668
0 0.548485 0.571284 0.025000 0.029323
0 0.472348 0.341254 0.045455 0.058645
1 0.840814 0.448054 0.047159 0.064965
0 0.902273 0.819515 0.038636 0.062690
0 0.990341 0.692113 0.019318 0.082912
0 0.574242 0.819009 0.029545 0.094034
0 0.200379 0.603134 0.030303 0.042467
0 0.608333 0.621335 0.047727 0.052578
0 0.356061 0.763397 0.038636 0.065723
0 0.428409 0.801314 0.043939 0.060667
