1 0.931061 0.400910 0.132576 0.192113
1 0.874242 0.519717 0.114394 0.106168
1 0.952462 0.527300 0.095076 0.099090
1 0.963826 0.664307 0.072348 0.164813
1 0.892803 0.680485 0.107576 0.168857
1 0.917045 0.102629 0.046970 0.074823
1 0.792992 0.145602 0.024242 0.038423
1 0.789583 0.215369 0.026515 0.029323
1 0.843561 0.273509 0.042424 0.052578
1 0.935985 0.244186 0.048485 0.046512
1 0.982008 0.182508 0.035985 0.052578
1 0.631818 0.644590 0.056818 0.111223
1 0.707955 0.689080 0.045455 0.062690
1 0.757576 0.677452 0.050758 0.102123
1 0.803788 0.649141 0.035606 0.073812
1 0.826136 0.780081 0.065152 0.163802
1 0.901136 0.869565 0.059091 0.061678
1 0.741667 0.877149 0.128030 0.232558
1 0.613447 0.898256 0.116288 0.203488
1 0.964962 0.860465 0.070076 0.055612
1 0.732955 0.539434 0.051515 0.066734
1 0.883144 0.053084 0.033333 0.030334
0 0.444318 0.979525 0.090909 0.040950
1 0.839394 0.424166 0.038636 0.074823
0 0.682576 0.093023 0.016667 0.025278
0 0.898769 0.177199 0.016098 0.052578
1 0.946875 0.294742 0.035795 0.034884
1 0.859564 0.910389 0.037311 0.046764
1 0.818939 0.902048 0.031818 0.078615
1 0.546496 0.814712 0.026326 0.055106
0 0.690909 0.582406 0.057955 0.027806
0 0.781913 0.413549 0.016477 0.040445
0 0.730871 0.315976 0.019697 0.015672
0 0.598011 0.442492 0.022159 0.014914
0 0.588258 0.517695 0.014773 0.040445
0 0.310227 0.040445 0.025758 0.039434
