0 0.223106 0.161780 0.056061 0.045501
1 0.532955 0.238119 0.075758 0.118301
1 0.567614 0.341759 0.049242 0.058645
0 0.831818 0.152174 0.082576 0.151668
0 0.772538 0.425935 0.037879 0.125379
0 0.655303 0.061173 0.065909 0.042467
0 0.714773 0.049039 0.045455 0.082912
1 0.460227 0.523256 0.033333 0.048534
0 0.388636 0.531850 0.035606 0.045501
0 0.829167 0.607179 0.042424 0.044489
0 0.942803 0.374621 0.045455 0.070779
0 0.882197 0.444388 0.036364 0.093023
0 0.855682 0.515167 0.025758 0.038423
0 0.335985 0.050051 0.039394 0.050556
0 0.968939 0.650657 0.040152 0.062690
1 0.357197 0.701719 0.046970 0.037412
0 0.274242 0.512639 0.040152 0.029323
0 0.151515 0.475733 0.049242 0.040445
0 0.171591 0.437816 0.048485 0.023256
0 0.033333 0.488372 0.056818 0.033367
0 0.044697 0.852882 0.031061 0.040445
0 0.689678 0.446031 0.021023 0.024014
0 0.600758 0.337588 0.015152 0.042720
0 0.774432 0.169363 0.026894 0.064206
0 0.772348 0.024646 0.028788 0.036148
0 0.751705 0.290192 0.022727 0.031850
0 0.463352 0.115394 0.033523 0.034631
0 0.475663 0.273761 0.023674 0.037917
