1 0.869697 0.224469 0.035606 0.102123
1 0.933712 0.280081 0.057576 0.122346
1 0.687879 0.253286 0.037121 0.066734
1 0.516667 0.075329 0.035606 0.050556
1 0.446212 0.030839 0.046212 0.056623
1 0.165909 0.046006 0.155303 0.044489
1 0.372727 0.052578 0.031061 0.059656
1 0.283712 0.030713 0.045455 0.060920
1 0.381439 0.115774 0.025758 0.042467
1 0.751894 0.134858 0.035606 0.041203
1 0.773106 0.283114 0.039394 0.055612
0 0.966667 0.546006 0.061364 0.049545
0 0.513258 0.706775 0.093939 0.106168
0 0.657576 0.662285 0.059848 0.102123
0 0.257955 0.530839 0.037879 0.075834
0 0.326136 0.519717 0.025758 0.037412
0 0.194318 0.775531 0.042424 0.154702
0 0.140530 0.506067 0.043939 0.135490
0 0.278030 0.803337 0.046212 0.095046
0 0.368182 0.764914 0.037121 0.078868
0 0.602652 0.855410 0.031818 0.089990
0 0.694697 0.868049 0.061364 0.080890
0 0.504924 0.489383 0.031818 0.047523
1 0.277652 0.234075 0.025758 0.040445
