0 0.179167 0.322042 0.039394 0.060667
0 0.473106 0.372599 0.039394 0.052578
0 0.396212 0.369060 0.049242 0.029323
0 0.356061 0.554095 0.044697 0.037412
0 0.593939 0.180485 0.062879 0.080890
0 0.551515 0.092012 0.056818 0.152679
0 0.483712 0.122346 0.033333 0.041456
0 0.817045 0.035263 0.112121 0.070020
0 0.784470 0.119818 0.039394 0.097068
0 0.788636 0.300809 0.049242 0.109201
0 0.890152 0.260870 0.040152 0.031345
0 0.934470 0.248736 0.046970 0.027300
0 0.835606 0.448938 0.029545 0.051567
0 0.970928 0.473837 0.021023 0.046764
0 0.986932 0.524646 0.025379 0.067492
0 0.656723 0.427452 0.016477 0.020222
0 0.717992 0.209302 0.021970 0.044489
0 0.750568 0.145854 0.022348 0.040950
0 0.821307 0.171132 0.021402 0.071284
0 0.240341 0.026289 0.038636 0.050556
0 0.044602 0.691481 0.027083 0.046259
0 0.903409 0.768832 0.028030 0.037664
