1 0.321970 0.321031 0.075000 0.182002
1 0.557197 0.079373 0.042424 0.070779
1 0.196212 0.408493 0.079545 0.092012
1 0.075000 0.364510 0.071970 0.060667
1 0.087500 0.250253 0.075758 0.121335
1 0.175379 0.609201 0.045455 0.076845
1 0.007102 0.351365 0.013826 0.105157
1 0.136364 0.160263 0.067424 0.088979
1 0.201894 0.131951 0.057576 0.121335
1 0.329167 0.028817 0.104545 0.052578
1 0.193182 0.036906 0.108333 0.060667
1 0.044318 0.082912 0.062121 0.067745
1 0.105303 0.058645 0.053788 0.073812
1 0.057197 0.160768 0.045455 0.096057
1 0.146212 0.510617 0.026515 0.031345
1 0.148864 0.299292 0.034848 0.057634
1 0.812500 0.055612 0.019697 0.041456
0 0.422727 0.599596 0.059848 0.089990
1 0.909848 0.757331 0.099242 0.063701
0 0.822727 0.395854 0.052273 0.054601
0 0.547348 0.370576 0.051515 0.056623
0 0.524242 0.976491 0.065909 0.047017
0 0.562121 0.615774 0.065909 0.039434
0 0.451894 0.036906 0.022727 0.042467
0 0.481061 0.019085 0.041667 0.037664
0 0.045076 0.787664 0.036364 0.051567
0 0.100379 0.828109 0.051515 0.087968
0 0.302273 0.735592 0.067424 0.054601
0 0.108333 0.595046 0.032576 0.060667
0 0.850758 0.673913 0.043182 0.064712
0 0.699242 0.398382 0.026515 0.055612
