0 0.324242 0.191102 0.073485 0.073812
0 0.360606 0.121335 0.062879 0.073812
0 0.353788 0.390799 0.023485 0.026289
0 0.301894 0.496461 0.054545 0.047523
0 0.521591 0.282609 0.060606 0.052578
0 0.563636 0.369060 0.053788 0.063701
0 0.494318 0.418099 0.045455 0.048534
0 0.779167 0.370576 0.025758 0.060667
0 0.942424 0.396866 0.059848 0.062690
0 0.928788 0.481421 0.062500 0.073054
0 0.575000 0.070273 0.064394 0.084934
0 0.576136 0.172902 0.050000 0.027300
0 0.242424 0.556117 0.044697 0.045501
0 0.374242 0.619818 0.026515 0.027300
0 0.983144 0.083923 0.033712 0.025278
0 0.972727 0.763903 0.052273 0.062690
0 0.807955 0.133468 0.036364 0.041456
0 0.031818 0.205258 0.028030 0.057634
0 0.106818 0.022750 0.052273 0.032356
