1 0.398864 0.126390 0.068182 0.120324
1 0.726894 0.586957 0.050000 0.115268
1 0.964773 0.465622 0.042424 0.131446
1 0.795833 0.314965 0.037879 0.066734
1 0.484091 0.214358 0.031061 0.035389
1 0.236742 0.032861 0.062121 0.060667
1 0.133333 0.141052 0.081061 0.068756
1 0.225000 0.149646 0.034091 0.053589
1 0.321970 0.164307 0.040152 0.080890
1 0.320076 0.264408 0.039394 0.056623
1 0.053030 0.164307 0.064394 0.076845
1 0.172727 0.044489 0.034091 0.087968
1 0.115530 0.068756 0.057576 0.075834
1 0.289489 0.219161 0.014962 0.027300
0 0.129545 0.554095 0.034091 0.089990
0 0.369318 0.639029 0.051515 0.136502
0 0.500000 0.834681 0.075000 0.056623
0 0.370076 0.908493 0.028788 0.050556
0 0.039773 0.605157 0.063636 0.078868
0 0.270833 0.430233 0.021212 0.036400
0 0.572348 0.536906 0.048485 0.043478
0 0.472727 0.505056 0.041667 0.084934
0 0.856439 0.573812 0.028788 0.058645
