0 0.484091 0.241153 0.056818 0.060667
0 0.402652 0.219919 0.031818 0.032356
1 0.371212 0.406977 0.043182 0.051567
1 0.596591 0.051820 0.061364 0.074823
0 0.924621 0.113878 0.063636 0.049292
0 0.785985 0.143074 0.040909 0.088979
0 0.167803 0.165824 0.053030 0.071790
0 0.856439 0.305865 0.043939 0.046512
0 0.980492 0.392315 0.039015 0.128413
0 0.810985 0.038423 0.036364 0.059656
0 0.936742 0.043984 0.034848 0.036400
0 0.741288 0.013650 0.062121 0.026289
0 0.583902 0.946916 0.042424 0.035389
0 0.516667 0.019590 0.082576 0.038675
0 0.692614 0.897497 0.020455 0.053337
0 0.700758 0.734960 0.020455 0.029070
0 0.048958 0.542846 0.033144 0.047776
0 0.055114 0.607432 0.045455 0.025278
0 0.314110 0.498862 0.014583 0.023003
0 0.594697 0.416077 0.026136 0.038423
0 0.716193 0.052073 0.033144 0.035389
0 0.918845 0.633089 0.034659 0.056370
