1 0.605966 0.386502 0.034280 0.053589
0 0.773864 0.282609 0.075758 0.097068
1 0.683523 0.318504 0.042424 0.048534
0 0.314394 0.273003 0.032576 0.108190
0 0.216667 0.062816 0.100758 0.125126
0 0.187500 0.233569 0.084848 0.053589
0 0.622348 0.073306 0.121212 0.068756
0 0.668939 0.022245 0.070455 0.041456
0 0.708712 0.081901 0.034848 0.055612
1 0.532197 0.106168 0.034848 0.047523
1 0.508333 0.375758 0.038636 0.062437
0 0.385606 0.387765 0.090152 0.076845
0 0.664773 0.504550 0.098485 0.069767
0 0.808333 0.558645 0.056818 0.111223
0 0.758333 0.609201 0.044697 0.097068
1 0.500758 0.686552 0.078030 0.118301
0 0.748485 0.864510 0.050758 0.106168
0 0.749621 0.751769 0.078788 0.088979
0 0.709091 0.412538 0.037121 0.079879
0 0.542803 0.448433 0.056061 0.052578
0 0.510606 0.258847 0.035606 0.077856
0 0.634091 0.250758 0.025000 0.055612
0 0.717803 0.190597 0.072727 0.088979
0 0.489394 0.062690 0.040152 0.120324
0 0.303409 0.428716 0.048485 0.047523
0 0.909470 0.785137 0.034848 0.058645
1 0.436742 0.976744 0.028788 0.039434
0 0.195076 0.599090 0.036364 0.030334
1 0.545455 0.789181 0.029545 0.030334
1 0.683144 0.318251 0.042424 0.048534
0 0.365341 0.983316 0.030303 0.033367
0 0.414299 0.136754 0.020644 0.041962
0 0.608333 0.334555 0.083712 0.034125
