0 0.593466 0.049292 0.122159 0.089990
0 0.735795 0.093782 0.135606 0.152679
0 0.935606 0.160389 0.128788 0.114510
0 0.946496 0.065597 0.107008 0.067492
0 0.863352 0.023509 0.036174 0.046512
0 0.926136 0.600733 0.147727 0.211577
0 0.908523 0.785010 0.104924 0.061931
0 0.813920 0.689585 0.067992 0.095551
0 0.795170 0.585566 0.042614 0.065470
0 0.691004 0.662917 0.085795 0.140799
0 0.580019 0.583038 0.080492 0.060415
0 0.607481 0.676062 0.074432 0.148888
0 0.476989 0.707154 0.146780 0.154449
0 0.427557 0.593655 0.058144 0.070020
0 0.372917 0.515799 0.082197 0.135238
0 0.475758 0.495576 0.066667 0.044237
0 0.755966 0.956143 0.087311 0.058392
0 0.416572 0.961451 0.063826 0.077098
0 0.348769 0.707154 0.071780 0.094793
0 0.372064 0.794237 0.052083 0.105662
0 0.488826 0.830890 0.129167 0.047017
0 0.607292 0.237993 0.089583 0.125126
0 0.680871 0.188701 0.088636 0.106926
0 0.523106 0.165698 0.086364 0.116026
0 0.504545 0.276542 0.113258 0.083923
0 0.467614 0.375379 0.130303 0.138018
0 0.611364 0.354651 0.084848 0.064206
0 0.746023 0.305865 0.065909 0.037917
0 0.790625 0.259226 0.054356 0.127654
0 0.784186 0.383342 0.052462 0.073559
0 0.844034 0.372472 0.055871 0.105915
0 0.696117 0.418605 0.064205 0.134985
0 0.605303 0.476239 0.071970 0.051062
0 0.406629 0.207533 0.139394 0.138018
0 0.298390 0.248104 0.102083 0.060415
0 0.261458 0.146360 0.071023 0.097068
0 0.276515 0.049545 0.088258 0.088473
0 0.158144 0.062310 0.118182 0.124115
0 0.052178 0.088094 0.058144 0.056370
0 0.082102 0.189459 0.061932 0.052326
0 0.016667 0.203615 0.032955 0.054853
0 0.054451 0.312058 0.099432 0.070020
0 0.149432 0.305233 0.056439 0.096309
0 0.244602 0.349722 0.067614 0.099343
0 0.281818 0.414055 0.133333 0.144085
0 0.198769 0.514408 0.087689 0.100101
0 0.267424 0.578994 0.057955 0.125632
0 0.209091 0.731421 0.062879 0.048281
0 0.087689 0.885996 0.050758 0.072295
0 0.288447 0.844034 0.088258 0.101112
0 0.283333 0.683392 0.068561 0.078109
0 0.368845 0.618807 0.082765 0.085440
0 0.523011 0.537412 0.078598 0.061173
0 0.529924 0.619060 0.049242 0.043984
0 0.771402 0.488498 0.079924 0.056876
0 0.942803 0.259100 0.069318 0.119818
0 0.888731 0.262892 0.053598 0.046006
0 0.898674 0.339990 0.050379 0.052578
0 0.973011 0.371208 0.048674 0.070020
0 0.906629 0.460945 0.054545 0.077604
0 0.844602 0.917088 0.041856 0.088473
0 0.808239 0.813574 0.040341 0.083670
0 0.436174 0.054221 0.053030 0.043225
