0 0.281629 0.910263 0.098485 0.139029
0 0.178125 0.860465 0.067992 0.139535
0 0.558144 0.429348 0.101515 0.133215
0 0.647443 0.193504 0.077083 0.139788
0 0.098674 0.242417 0.116667 0.125885
0 0.323201 0.047776 0.071402 0.080384
0 0.911553 0.517442 0.029167 0.051062
0 0.905303 0.636122 0.084848 0.053842
0 0.871780 0.551946 0.047727 0.068504
0 0.879545 0.732937 0.053788 0.030586
0 0.941288 0.470425 0.097348 0.122346
0 0.750568 0.520981 0.075000 0.113246
0 0.689489 0.563448 0.063826 0.032861
0 0.497917 0.558392 0.072348 0.163296
0 0.406818 0.610592 0.123485 0.108948
0 0.326989 0.681876 0.042614 0.081648
0 0.363068 0.752149 0.073485 0.092265
0 0.457008 0.793478 0.047348 0.105157
0 0.300947 0.769464 0.072727 0.111223
0 0.195644 0.710693 0.101515 0.070020
0 0.257765 0.544742 0.104924 0.119312
0 0.398295 0.490900 0.062500 0.126390
0 0.428125 0.407861 0.069886 0.109454
0 0.470360 0.333797 0.050189 0.111982
0 0.566383 0.287412 0.096402 0.123862
0 0.474148 0.232305 0.098674 0.077351
0 0.362027 0.242290 0.092992 0.095298
0 0.164678 0.558519 0.055492 0.065470
0 0.141572 0.636249 0.070644 0.049545
0 0.032197 0.340748 0.049621 0.051567
0 0.247727 0.308266 0.056818 0.031598
0 0.017140 0.543731 0.025947 0.114762
0 0.029356 0.842139 0.058333 0.109454
0 0.118845 0.968150 0.049811 0.058140
0 0.511269 0.089105 0.041856 0.072042
0 0.417992 0.166962 0.129167 0.065976
0 0.551705 0.192998 0.050758 0.088220
0 0.648958 0.294869 0.056629 0.038170
0 0.661648 0.034884 0.063447 0.059656
0 0.738731 0.041077 0.087689 0.081648
0 0.819318 0.021234 0.090530 0.041962
