0 0.415720 0.219287 0.100758 0.121082
0 0.301894 0.093655 0.075758 0.101871
0 0.610227 0.090369 0.110227 0.104904
0 0.685417 0.268959 0.042424 0.067745
0 0.639299 0.251517 0.054735 0.069767
0 0.669034 0.175556 0.131629 0.064459
0 0.726705 0.096436 0.118561 0.102882
0 0.832481 0.157735 0.074053 0.132963
0 0.778693 0.283620 0.087689 0.088979
0 0.878504 0.304221 0.068750 0.109454
0 0.897348 0.491911 0.061364 0.127401
0 0.577462 0.448433 0.118939 0.150657
0 0.592708 0.332406 0.081250 0.089990
0 0.474905 0.103008 0.049811 0.089737
0 0.535322 0.078236 0.054356 0.102882
0 0.532576 0.215116 0.095833 0.178463
0 0.862595 0.044363 0.107008 0.088220
0 0.900189 0.193630 0.047348 0.120324
0 0.724621 0.355789 0.103788 0.065470
0 0.728220 0.479146 0.118182 0.147371
0 0.672538 0.565470 0.084470 0.126390
0 0.717424 0.660642 0.061364 0.065976
0 0.896780 0.661021 0.055303 0.103134
0 0.775284 0.600101 0.039583 0.050556
0 0.762311 0.730157 0.072727 0.161021
0 0.591004 0.625758 0.110038 0.174166
0 0.298011 0.240394 0.077462 0.080890
0 0.335606 0.334934 0.132576 0.115774
0 0.457008 0.355536 0.122727 0.132710
0 0.462595 0.468529 0.125568 0.079626
0 0.459943 0.583038 0.130114 0.163549
0 0.363068 0.578362 0.060985 0.141052
0 0.458333 0.726239 0.104545 0.172902
0 0.377841 0.727376 0.071212 0.104904
0 0.374432 0.903311 0.110985 0.111476
0 0.862311 0.960566 0.105303 0.078868
0 0.973011 0.774393 0.053977 0.069515
0 0.965057 0.879044 0.069886 0.087715
0 0.767614 0.892063 0.065152 0.117796
0 0.060227 0.285137 0.060227 0.057634
0 0.147727 0.365268 0.120076 0.167341
0 0.096117 0.158746 0.071023 0.101112
0 0.140057 0.039813 0.114962 0.078109
0 0.196686 0.143579 0.115341 0.114257
0 0.341667 0.041330 0.123106 0.082154
0 0.231250 0.696790 0.075379 0.115521
0 0.238163 0.794995 0.057386 0.070779
0 0.320360 0.834934 0.042614 0.056117
0 0.228977 0.282482 0.027652 0.034125
0 0.254830 0.392695 0.063826 0.143832
0 0.258712 0.508342 0.135606 0.107179
0 0.326515 0.433519 0.044318 0.044995
0 0.279451 0.607558 0.123295 0.070526
0 0.031913 0.533873 0.063447 0.062184
0 0.023958 0.413423 0.047538 0.066481
0 0.156155 0.878665 0.053220 0.079373
0 0.221402 0.915066 0.050379 0.098079
0 0.680114 0.025784 0.110227 0.051062
0 0.967235 0.107685 0.065530 0.081901
0 0.951610 0.195526 0.029356 0.064459
0 0.978220 0.374621 0.043561 0.205258
