1 0.135417 0.138271 0.141288 0.164813
0 0.031061 0.277174 0.059848 0.076593
0 0.133049 0.256446 0.038447 0.052326
0 0.067803 0.226365 0.043939 0.050303
1 0.473958 0.775657 0.049811 0.066987
1 0.454735 0.941987 0.110606 0.116026
0 0.442519 0.402048 0.088826 0.082154
0 0.449148 0.498483 0.080492 0.110718
0 0.605871 0.430485 0.169318 0.167341
0 0.597064 0.248736 0.146780 0.126390
0 0.792424 0.303337 0.104167 0.127907
0 0.933428 0.534757 0.133144 0.129676
0 0.676326 0.032356 0.104167 0.060162
0 0.980777 0.418605 0.038447 0.099596
