0 0.503125 0.592644 0.063447 0.093276
0 0.597917 0.643200 0.119318 0.156977
0 0.367045 0.513397 0.099242 0.092012
0 0.359943 0.391936 0.061553 0.059403
0 0.484564 0.395349 0.055871 0.056623
0 0.540814 0.428084 0.049811 0.062437
0 0.493277 0.930612 0.117614 0.125126
0 0.123106 0.060162 0.100379 0.094540
0 0.114110 0.326719 0.093750 0.130688
0 0.145265 0.560035 0.081818 0.071031
0 0.208239 0.459808 0.099432 0.098079
0 0.045644 0.802958 0.090909 0.107432
1 0.061837 0.940976 0.123295 0.118049
0 0.202936 0.802199 0.061174 0.047776
0 0.264867 0.838726 0.065720 0.059656
0 0.318845 0.899772 0.042992 0.061931
0 0.761458 0.797649 0.071780 0.066481
